-1.605700000000000000e+04 -3.538260000000000000e+05 -8.026100000000000000e+04 8.239331655204296112e-03 3.515999997034668922e-04 6.369431503117084503e-04 8.179750147974118590e-05
-1.385900000000000000e+04 -3.539200000000000000e+05 -8.026200000000000000e+04 3.345480421558022499e-03 2.974414383061230183e-04 2.937866374850273132e-04 2.492041385266929865e-04
-1.157100000000000000e+04 -3.539220000000000000e+05 -8.024800000000000000e+04 3.971426747739315033e-03 5.500538973137736320e-04 4.688427434302866459e-04 5.013059126213192940e-04
-9.334000000000000000e+03 -3.539260000000000000e+05 -8.026700000000000000e+04 4.441338591277599335e-03 1.767605426721274853e-04 9.516559657640755177e-05 2.567340270616114140e-04
-7.227000000000000000e+03 -3.539030000000000000e+05 -8.025200000000000000e+04 2.283303765580058098e-03 2.286245580762624741e-04 3.753397031687200069e-04 5.219104932621121407e-04
-4.969000000000000000e+03 -3.539250000000000000e+05 -8.026400000000000000e+04 1.919800299219787121e-03 2.332612930331379175e-04 2.517229004297405481e-04 3.599164192564785480e-04
-2.799000000000000000e+03 -3.539270000000000000e+05 -8.026900000000000000e+04 1.661192276515066624e-03 6.528201083710882813e-06 2.359512436669319868e-04 2.528689510654658079e-04
-4.590000000000000000e+02 -3.539270000000000000e+05 -8.026700000000000000e+04 8.209433872252702713e-04 1.557217910885810852e-04 4.557562642730772495e-04 1.534718321636319160e-04
1.773000000000000000e+03 -3.539620000000000000e+05 -8.027200000000000000e+04 2.982398436870425940e-04 1.342694886261597276e-04 1.978303916985169053e-04 2.443417324684560299e-04
3.920000000000000000e+03 -3.539250000000000000e+05 -8.029500000000000000e+04 2.449406310915946960e-04 2.569831267464905977e-04 1.017430695355869830e-04 6.682351231575012207e-04
6.096000000000000000e+03 -3.539330000000000000e+05 -8.026400000000000000e+04 3.859800053760409355e-04 4.665940359700471163e-04 7.953662861837074161e-05 9.943549230229109526e-05
8.368000000000000000e+03 -3.539380000000000000e+05 -8.026700000000000000e+04 3.273682668805122375e-04 3.593393194023519754e-04 5.651318933814764023e-04 3.745630674529820681e-04
1.053400000000000000e+04 -3.539200000000000000e+05 -8.027100000000000000e+04 1.345123891951516271e-04 1.701294386293739080e-04 1.783598418114706874e-04 1.047848054440692067e-04
1.276100000000000000e+04 -3.539250000000000000e+05 -8.027400000000000000e+04 2.555315732024610043e-04 4.820045141968876123e-04 3.484479675535112619e-04 2.345809189137071371e-04
1.494100000000000000e+04 -3.539220000000000000e+05 -8.026600000000000000e+04 2.798670902848243713e-04 3.332989581394940615e-04 2.463939017616212368e-04 3.046730707865208387e-04
-1.599800000000000000e+04 -3.517570000000000000e+05 -8.027100000000000000e+04 3.090013924520462751e-04 4.279275599401444197e-04 1.140957974712364376e-04 5.402996248449198902e-05
-1.381200000000000000e+04 -3.515830000000000000e+05 -8.026500000000000000e+04 1.119472458958625793e-02 8.017104701139032841e-04 4.353441181592643261e-04 1.644235599087551236e-04
-1.153900000000000000e+04 -3.515980000000000000e+05 -8.027400000000000000e+04 1.569402031600475311e-02 7.606585859321057796e-04 2.352368319407105446e-04 2.060006081592291594e-04
-9.320000000000000000e+03 -3.516100000000000000e+05 -8.026900000000000000e+04 1.531577948480844498e-02 5.353692104108631611e-04 7.624255522387102246e-05 3.197270852979272604e-04
-7.138000000000000000e+03 -3.516150000000000000e+05 -8.026900000000000000e+04 7.605606224387884140e-03 4.993187612853944302e-04 3.169456031173467636e-04 3.055302659049630165e-04
-4.851000000000000000e+03 -3.516210000000000000e+05 -8.027200000000000000e+04 4.006523638963699341e-03 4.521069640759378672e-04 1.867054379545152187e-04 1.643400755710899830e-04
-2.749000000000000000e+03 -3.516460000000000000e+05 -8.026400000000000000e+04 1.615117536857724190e-03 6.795934750698506832e-04 3.486748901195824146e-04 2.030466275755316019e-04
-4.660000000000000000e+02 -3.516560000000000000e+05 -8.027400000000000000e+04 5.317677860148251057e-04 9.276171476813033223e-05 4.429798282217234373e-04 3.404502058401703835e-04
1.674000000000000000e+03 -3.516120000000000000e+05 -8.026300000000000000e+04 1.836116716731339693e-04 4.633060016203671694e-04 4.233480140101164579e-04 4.095329495612531900e-04
3.890000000000000000e+03 -3.516130000000000000e+05 -8.028100000000000000e+04 1.869608240667730570e-05 3.303333869553171098e-05 2.641831233631819487e-04 3.274869231972843409e-04
6.103000000000000000e+03 -3.516190000000000000e+05 -8.026900000000000000e+04 8.381737279705703259e-04 3.013711248058825731e-04 6.699866207782179117e-05 3.777383826673030853e-04
8.272000000000000000e+03 -3.516190000000000000e+05 -8.026200000000000000e+04 5.029685562476515770e-04 7.692541839787736535e-05 2.065489388769492507e-04 2.413055481156334281e-04
1.060800000000000000e+04 -3.516220000000000000e+05 -8.027300000000000000e+04 6.483356701210141182e-04 4.527975979726761580e-04 3.220410144422203302e-04 5.408789729699492455e-04
1.285300000000000000e+04 -3.516500000000000000e+05 -8.026900000000000000e+04 6.332235061563551426e-04 2.167081111110746861e-04 3.808360197581350803e-04 4.279622226022183895e-04
1.503200000000000000e+04 -3.516260000000000000e+05 -8.027100000000000000e+04 9.070936357602477074e-05 3.222183731850236654e-04 5.260142497718334198e-04 4.701745929196476936e-04
-1.608000000000000000e+04 -3.495530000000000000e+05 -8.027300000000000000e+04 2.145037800073623657e-02 5.862014368176460266e-04 8.932955825002864003e-05 1.156514408648945391e-04
-1.371900000000000000e+04 -3.494500000000000000e+05 -8.027100000000000000e+04 4.017996042966842651e-02 8.145371102727949619e-04 4.167213919572532177e-04 4.861704655922949314e-04
-1.155400000000000000e+04 -3.493890000000000000e+05 -8.027100000000000000e+04 4.182011634111404419e-02 1.158944680355489254e-03 1.491247094236314297e-04 5.679865134879946709e-04
-9.367000000000000000e+03 -3.494010000000000000e+05 -8.024500000000000000e+04 2.904674597084522247e-02 1.015418209135532379e-03 5.105924792587757111e-04 3.607517573982477188e-04
-7.172000000000000000e+03 -3.494500000000000000e+05 -8.026600000000000000e+04 1.414635404944419861e-02 1.367278047837316990e-03 3.133299469482153654e-04 3.426646580919623375e-04
-4.992000000000000000e+03 -3.494020000000000000e+05 -8.026800000000000000e+04 7.784764282405376434e-03 7.571164169348776340e-04 6.151859997771680355e-04 2.784013631753623486e-04
-2.756000000000000000e+03 -3.494210000000000000e+05 -8.027000000000000000e+04 1.996915321797132492e-03 4.911450669169425964e-04 1.778375881258398294e-04 2.606358611956238747e-04
-5.350000000000000000e+02 -3.494380000000000000e+05 -8.026400000000000000e+04 2.653027149790432304e-05 8.180123986676335335e-04 2.040969266090542078e-04 6.895592086948454380e-04
1.740000000000000000e+03 -3.494600000000000000e+05 -8.026900000000000000e+04 1.442485518055036664e-04 7.399179157800972462e-04 3.878127026837319136e-04 6.760636460967361927e-04
3.906000000000000000e+03 -3.494640000000000000e+05 -8.028100000000000000e+04 2.729179395828396082e-04 3.661913215182721615e-04 4.586757859215140343e-04 2.401086094323545694e-04
6.095000000000000000e+03 -3.494670000000000000e+05 -8.027100000000000000e+04 1.231268048286437988e-03 2.252861304441466928e-04 2.477750531397759914e-04 2.511082275304943323e-04
8.359000000000000000e+03 -3.494210000000000000e+05 -8.027300000000000000e+04 9.482546010985970497e-04 8.131286449497565627e-05 1.515274489065632224e-04 1.493300514994189143e-04
1.062800000000000000e+04 -3.494310000000000000e+05 -8.027100000000000000e+04 7.702592411078512669e-04 3.242030797991901636e-04 3.683960239868611097e-04 2.706017985474318266e-04
1.282900000000000000e+04 -3.494750000000000000e+05 -8.027400000000000000e+04 5.116377724334597588e-04 8.324860827997326851e-04 1.420217595295980573e-04 2.822961687343195081e-05
1.508000000000000000e+04 -3.494430000000000000e+05 -8.027300000000000000e+04 1.169979950645938516e-04 6.570441764779388905e-04 4.169850435573607683e-04 2.545993193052709103e-04
-1.606300000000000000e+04 -3.471680000000000000e+05 -8.022600000000000000e+04 6.331584602594375610e-02 9.684537071734666824e-04 6.270144367590546608e-04 1.305894838878884912e-04
-1.380900000000000000e+04 -3.472120000000000000e+05 -8.026900000000000000e+04 8.481347560882568359e-02 1.845040707848966122e-03 3.341020492371171713e-04 1.282525772694498301e-04
-1.164200000000000000e+04 -3.471890000000000000e+05 -8.028200000000000000e+04 7.757352292537689209e-02 1.863367739133536816e-03 4.579332016874104738e-04 4.319785221014171839e-04
-9.456000000000000000e+03 -3.472290000000000000e+05 -8.027600000000000000e+04 4.264330863952636719e-02 2.438747789710760117e-03 7.222217391245067120e-04 3.244704275857657194e-04
-7.105000000000000000e+03 -3.472370000000000000e+05 -8.027100000000000000e+04 1.639713160693645477e-02 2.543432172387838364e-03 4.724439058918505907e-04 4.534170439001172781e-04
-4.999000000000000000e+03 -3.471940000000000000e+05 -8.026900000000000000e+04 8.750278502702713013e-03 2.581062493845820427e-03 3.521397011354565620e-04 2.758617629297077656e-04
-2.767000000000000000e+03 -3.472440000000000000e+05 -8.026200000000000000e+04 2.998765092343091965e-03 1.377887791022658348e-03 6.914291298016905785e-04 3.722216351889073849e-04
-5.420000000000000000e+02 -3.472150000000000000e+05 -8.026100000000000000e+04 8.828045683912932873e-04 1.304648933000862598e-03 5.820491787744686007e-05 3.629677521530538797e-04
1.691000000000000000e+03 -3.472460000000000000e+05 -8.027300000000000000e+04 1.635580905713140965e-03 1.238235738128423691e-03 8.594024984631687403e-05 3.237317723687738180e-04
3.905000000000000000e+03 -3.472500000000000000e+05 -8.027400000000000000e+04 3.901451418641954660e-04 6.954749696888029575e-04 3.360512782819569111e-04 2.786118711810559034e-04
6.164000000000000000e+03 -3.472500000000000000e+05 -8.026900000000000000e+04 8.455658098682761192e-04 2.909287868533283472e-04 4.377585428301244974e-04 4.679433768615126610e-04
8.328000000000000000e+03 -3.472540000000000000e+05 -8.027400000000000000e+04 1.554617192596197128e-03 4.632384807337075472e-04 3.516938304528594017e-04 1.344888150924816728e-04
1.049400000000000000e+04 -3.472540000000000000e+05 -8.026900000000000000e+04 1.273063127882778645e-03 1.183766406029462814e-03 7.209709292510524392e-05 2.351090188312809914e-05
1.281500000000000000e+04 -3.472570000000000000e+05 -8.027000000000000000e+04 1.269656931981444359e-03 1.244279439561069012e-03 4.426268060342408717e-05 5.310419364832341671e-04
1.496500000000000000e+04 -3.472590000000000000e+05 -8.027900000000000000e+04 1.560756354592740536e-03 7.095733308233320713e-04 1.436059392290189862e-04 1.158236991614103317e-04
-1.598600000000000000e+04 -3.452130000000000000e+05 -8.027400000000000000e+04 9.663243591785430908e-02 2.237457956653088331e-04 2.598911523818969727e-04 4.315990663599222898e-04
-1.379700000000000000e+04 -3.449890000000000000e+05 -8.025000000000000000e+04 1.368433386087417603e-01 1.012125983834266663e-03 4.133672628086060286e-04 6.846627802588045597e-04
-1.154200000000000000e+04 -3.449270000000000000e+05 -8.027700000000000000e+04 1.546255648136138916e-01 1.708096708171069622e-03 1.316714769927784801e-04 6.086342618800699711e-04
-9.429000000000000000e+03 -3.449390000000000000e+05 -8.028800000000000000e+04 1.333566159009933472e-01 3.226111643016338348e-03 3.207043919246643782e-04 2.254785940749570727e-04
-7.198000000000000000e+03 -3.449450000000000000e+05 -8.027800000000000000e+04 8.379793912172317505e-02 2.858082531020045280e-03 7.443766808137297630e-04 3.469577350188046694e-04
-4.962000000000000000e+03 -3.449500000000000000e+05 -8.027800000000000000e+04 4.563711956143379211e-02 5.081805400550365448e-03 8.865309064276516438e-04 5.575506365858018398e-04
-2.744000000000000000e+03 -3.449500000000000000e+05 -8.026200000000000000e+04 1.472266856580972672e-02 4.359546583145856857e-03 6.805013981647789478e-04 8.162621088558807969e-05
-4.470000000000000000e+02 -3.449570000000000000e+05 -8.027100000000000000e+04 3.860736032947897911e-03 2.662270097061991692e-03 6.489407969638705254e-04 2.353624295210465789e-04
1.679000000000000000e+03 -3.449590000000000000e+05 -8.026800000000000000e+04 7.649413309991359711e-03 1.653687795624136925e-03 4.179127572569996119e-04 1.622950367163866758e-04
3.905000000000000000e+03 -3.449600000000000000e+05 -8.026600000000000000e+04 3.290812950581312180e-03 8.361266809515655041e-04 4.465235979296267033e-04 3.916808636859059334e-04
6.170000000000000000e+03 -3.449610000000000000e+05 -8.027500000000000000e+04 1.069861813448369503e-03 4.918090417049825191e-04 3.515756106935441494e-04 8.423581311944872141e-05
8.374000000000000000e+03 -3.449640000000000000e+05 -8.027500000000000000e+04 8.264362695626914501e-04 1.428401563316583633e-03 1.375469437334686518e-04 4.702763690147548914e-04
1.051300000000000000e+04 -3.449660000000000000e+05 -8.026600000000000000e+04 1.169362803921103477e-03 2.369448076933622360e-03 4.301019653212279081e-04 6.348566967062652111e-04
1.278200000000000000e+04 -3.449700000000000000e+05 -8.027700000000000000e+04 5.751647986471652985e-04 2.882021479308605194e-03 3.184598172083497047e-04 1.962119858944788575e-04
1.497900000000000000e+04 -3.449690000000000000e+05 -8.027000000000000000e+04 4.559834487736225128e-03 8.846285636536777020e-04 3.110500401817262173e-04 3.555326547939330339e-04
-1.603100000000000000e+04 -3.429470000000000000e+05 -8.027500000000000000e+04 9.516435116529464722e-02 4.244644660502672195e-04 6.039437721483409405e-04 5.250755348242819309e-04
-1.388900000000000000e+04 -3.428520000000000000e+05 -8.028200000000000000e+04 1.263981461524963379e-01 2.667549124453216791e-04 4.796925932168960571e-04 1.871731001301668584e-05
-1.158900000000000000e+04 -3.428810000000000000e+05 -8.026800000000000000e+04 1.485067903995513916e-01 6.774259964004158974e-04 8.218235452659428120e-04 1.400748442392796278e-04
-9.394000000000000000e+03 -3.428170000000000000e+05 -8.026800000000000000e+04 1.568671762943267822e-01 1.697352970950305462e-03 9.508026414550840855e-05 4.193383792880922556e-04
-7.092000000000000000e+03 -3.428780000000000000e+05 -8.027800000000000000e+04 1.397382915019989014e-01 2.844110596925020218e-03 1.199723919853568077e-03 6.683716201223433018e-04
-4.954000000000000000e+03 -3.428190000000000000e+05 -8.027100000000000000e+04 9.367980062961578369e-02 5.768412258476018906e-03 1.415274920873343945e-03 1.297271373914554715e-04
-2.717000000000000000e+03 -3.428960000000000000e+05 -8.027400000000000000e+04 3.864965215325355530e-02 9.330244734883308411e-03 1.757247257046401501e-03 5.207061185501515865e-04
-4.550000000000000000e+02 -3.428790000000000000e+05 -8.027100000000000000e+04 3.325445577502250671e-03 7.266666740179061890e-03 8.841207018122076988e-04 4.900781787000596523e-04
1.663000000000000000e+03 -3.428690000000000000e+05 -8.027400000000000000e+04 1.333816908299922943e-02 3.484711749479174614e-03 4.683164879679679871e-04 1.789706439012661576e-04
3.861000000000000000e+03 -3.428560000000000000e+05 -8.027000000000000000e+04 7.836995646357536316e-03 1.719941501505672932e-03 6.486341590061783791e-04 3.652110754046589136e-04
6.189000000000000000e+03 -3.428490000000000000e+05 -8.028000000000000000e+04 2.138031646609306335e-03 1.408128999173641205e-03 2.721691853366792202e-04 1.164703644462861121e-04
8.378000000000000000e+03 -3.428500000000000000e+05 -8.027500000000000000e+04 4.689505731221288443e-04 1.384248957037925720e-03 3.864871687255799770e-04 1.492259325459599495e-04
1.048900000000000000e+04 -3.428580000000000000e+05 -8.027800000000000000e+04 1.203599153086543083e-03 2.609903458505868912e-03 4.741315788123756647e-04 1.122518588090315461e-04
1.281100000000000000e+04 -3.428530000000000000e+05 -8.027100000000000000e+04 2.867561299353837967e-03 2.164033474400639534e-03 6.503767799586057663e-04 4.102959937881678343e-04
1.497500000000000000e+04 -3.428600000000000000e+05 -8.027800000000000000e+04 4.082540515810251236e-03 2.274120226502418518e-03 2.850044693332165480e-04 5.686001968570053577e-04
-1.593700000000000000e+04 -3.406690000000000000e+05 -8.031500000000000000e+04 7.946273684501647949e-02 6.968359812162816525e-04 2.092986833304166794e-04 2.943489234894514084e-04
-1.378500000000000000e+04 -3.406680000000000000e+05 -8.021900000000000000e+04 1.094512045383453369e-01 2.737847971729934216e-04 2.812038001138716936e-04 4.363391199149191380e-04
-1.151900000000000000e+04 -3.406660000000000000e+05 -8.024600000000000000e+04 1.369391977787017822e-01 1.213261857628822327e-03 5.616373964585363865e-04 4.974802723154425621e-04
-9.378000000000000000e+03 -3.406700000000000000e+05 -8.022300000000000000e+04 1.468441188335418701e-01 3.144471440464258194e-03 1.988330041058361530e-04 1.593267952557653189e-04
-7.083000000000000000e+03 -3.406200000000000000e+05 -8.022000000000000000e+04 1.257182806730270386e-01 6.433045957237482071e-03 1.287744380533695221e-03 6.829433259554207325e-04
-4.935000000000000000e+03 -3.406710000000000000e+05 -8.024500000000000000e+04 8.113972097635269165e-02 1.062794681638479233e-02 2.037987578660249710e-03 5.987960612401366234e-04
-2.707000000000000000e+03 -3.406750000000000000e+05 -8.024800000000000000e+04 2.817446365952491760e-02 1.368677243590354919e-02 1.570816035382449627e-03 5.668414523825049400e-04
-4.600000000000000000e+02 -3.406370000000000000e+05 -8.025400000000000000e+04 4.313761834055185318e-03 1.213278807699680328e-02 1.530627370811998844e-03 2.004627749556675553e-04
1.697000000000000000e+03 -3.406860000000000000e+05 -8.025600000000000000e+04 1.629249751567840576e-02 6.598182022571563721e-03 7.928932318463921547e-04 3.142051864415407181e-04
3.907000000000000000e+03 -3.406730000000000000e+05 -8.025800000000000000e+04 1.475328300148248672e-02 3.446169430390000343e-03 4.678914847318083048e-04 4.352770338300615549e-05
6.186000000000000000e+03 -3.405970000000000000e+05 -8.025100000000000000e+04 6.465492304414510727e-03 2.804291900247335434e-03 3.520980244502425194e-04 3.130426921416074038e-04
8.314000000000000000e+03 -3.406700000000000000e+05 -8.025100000000000000e+04 2.663010731339454651e-03 2.039310522377490997e-03 5.610367516055703163e-04 2.523087605368345976e-04
1.055600000000000000e+04 -3.406690000000000000e+05 -8.027000000000000000e+04 3.947453515138477087e-04 2.302504377439618111e-03 5.115214735269546509e-04 4.321726155467331409e-04
1.281100000000000000e+04 -3.406710000000000000e+05 -8.025400000000000000e+04 2.461275551468133926e-03 2.936797915026545525e-03 6.496898131445050240e-04 2.070930931949988008e-04
1.505400000000000000e+04 -3.406730000000000000e+05 -8.025400000000000000e+04 3.848763182759284973e-03 2.380126388743519783e-03 1.104284194298088551e-03 1.715615362627431750e-04
-1.603500000000000000e+04 -3.382310000000000000e+05 -8.026400000000000000e+04 3.425619751214981079e-02 3.588502004276961088e-04 2.070808841381222010e-04 3.986639785580337048e-04
-1.377200000000000000e+04 -3.382830000000000000e+05 -8.025700000000000000e+04 5.109378695487976074e-02 5.334629095159471035e-04 8.839412475936114788e-04 2.197023422922939062e-05
-1.157900000000000000e+04 -3.382930000000000000e+05 -8.025800000000000000e+04 7.201839983463287354e-02 3.510837268549948931e-04 1.115062914323061705e-04 2.156998671125620604e-04
-9.424000000000000000e+03 -3.383020000000000000e+05 -8.024200000000000000e+04 8.606564253568649292e-02 1.947602257132530212e-03 8.369225542992353439e-04 3.305799618829041719e-04
-7.232000000000000000e+03 -3.383060000000000000e+05 -8.025400000000000000e+04 7.534671574831008911e-02 4.811685532331466675e-03 1.544678118079900742e-03 4.066503606736660004e-04
-4.997000000000000000e+03 -3.383070000000000000e+05 -8.024600000000000000e+04 4.604530707001686096e-02 8.243256248533725739e-03 1.367593649774789810e-03 2.981938596349209547e-04
-2.792000000000000000e+03 -3.383110000000000000e+05 -8.025900000000000000e+04 5.113648716360330582e-03 1.291924808174371719e-02 1.803437131457030773e-03 4.109127621632069349e-04
-4.450000000000000000e+02 -3.383150000000000000e+05 -8.026400000000000000e+04 3.572173416614532471e-02 1.361059397459030151e-02 1.102277776226401329e-03 6.132715498097240925e-04
1.740000000000000000e+03 -3.383170000000000000e+05 -8.024600000000000000e+04 3.323484212160110474e-02 8.562850765883922577e-03 9.809875627979636192e-04 1.906115940073505044e-04
3.893000000000000000e+03 -3.383190000000000000e+05 -8.025600000000000000e+04 2.451580949127674103e-02 4.024957306683063507e-03 2.061214472632855177e-04 2.589967043604701757e-04
6.101000000000000000e+03 -3.383210000000000000e+05 -8.025600000000000000e+04 1.292848773300647736e-02 2.641313942149281502e-03 3.927342768292874098e-04 7.227833848446607590e-04
8.436000000000000000e+03 -3.383230000000000000e+05 -8.025800000000000000e+04 3.661820897832512856e-03 2.551244338974356651e-03 3.166602691635489464e-04 1.017100730678066611e-04
1.054200000000000000e+04 -3.383250000000000000e+05 -8.026200000000000000e+04 1.507841283455491066e-03 2.618553349748253822e-03 3.640176437329500914e-04 4.770462983287870884e-04
1.273200000000000000e+04 -3.383250000000000000e+05 -8.026100000000000000e+04 3.186788642778992653e-03 2.469468861818313599e-03 9.178331238217651844e-04 6.445612525567412376e-04
1.493900000000000000e+04 -3.383280000000000000e+05 -8.026300000000000000e+04 5.067795049399137497e-03 2.081796992570161819e-03 4.608163435477763414e-04 4.124438564758747816e-04
-1.604400000000000000e+04 -3.361040000000000000e+05 -8.026100000000000000e+04 2.672099322080612183e-02 2.244787901872768998e-04 2.861921675503253937e-04 3.390456549823284149e-04
-1.387500000000000000e+04 -3.361220000000000000e+05 -8.026700000000000000e+04 4.761293902993202209e-02 2.848549920599907637e-04 7.021101191639900208e-04 3.146364178974181414e-04
-1.156100000000000000e+04 -3.361780000000000000e+05 -8.026600000000000000e+04 6.435488909482955933e-02 9.140018955804407597e-04 8.351367432624101639e-04 2.384022227488458157e-04
-9.309000000000000000e+03 -3.361730000000000000e+05 -8.026800000000000000e+04 6.027229502797126770e-02 2.198584610596299171e-03 7.578538497909903526e-04 5.480259424075484276e-04
-7.139000000000000000e+03 -3.361940000000000000e+05 -8.026200000000000000e+04 3.622397780418395996e-02 3.140804124996066093e-03 5.660568713210523129e-04 2.015859936363995075e-04
-4.942000000000000000e+03 -3.361870000000000000e+05 -8.023600000000000000e+04 6.950358860194683075e-03 5.068683531135320663e-03 6.169253028929233551e-04 3.722595574799925089e-04
-2.741000000000000000e+03 -3.361990000000000000e+05 -8.026300000000000000e+04 2.241693809628486633e-02 6.608788389712572098e-03 9.107916848734021187e-04 3.351662599015980959e-04
-4.470000000000000000e+02 -3.362020000000000000e+05 -8.026300000000000000e+04 3.775676339864730835e-02 6.238027941435575485e-03 4.800789465662091970e-04 3.994052240159362555e-04
1.688000000000000000e+03 -3.362040000000000000e+05 -8.026900000000000000e+04 3.441317006945610046e-02 4.858795553445816040e-03 6.937013240531086922e-04 5.866518768016248941e-05
3.886000000000000000e+03 -3.362090000000000000e+05 -8.026500000000000000e+04 2.187189459800720215e-02 2.999684307724237442e-03 2.205013006459921598e-04 2.745200181379914284e-04
6.105000000000000000e+03 -3.362070000000000000e+05 -8.026600000000000000e+04 1.170005276799201965e-02 1.392896519973874092e-03 2.576737897470593452e-04 1.458370243199169636e-04
8.379000000000000000e+03 -3.361780000000000000e+05 -8.024300000000000000e+04 4.363228101283311844e-03 1.776486635208129883e-03 5.704419454559683800e-04 1.515798940090462565e-04
1.059200000000000000e+04 -3.362100000000000000e+05 -8.024300000000000000e+04 2.357096178457140923e-03 1.640179310925304890e-03 7.261114078573882580e-04 2.755629247985780239e-04
1.278600000000000000e+04 -3.362160000000000000e+05 -8.025900000000000000e+04 5.000659730285406113e-03 1.620174036361277103e-03 3.258083015680313110e-04 1.562771940371021628e-04
1.508800000000000000e+04 -3.361660000000000000e+05 -8.026200000000000000e+04 5.845393054187297821e-03 5.939170368947088718e-04 9.135848958976566792e-04 2.774507156573235989e-04
-1.597400000000000000e+04 -3.338660000000000000e+05 -8.026600000000000000e+04 3.088300488889217377e-02 3.269139851909130812e-04 1.022653086693026125e-04 4.018695908598601818e-04
-1.371700000000000000e+04 -3.338200000000000000e+05 -8.026600000000000000e+04 5.259418860077857971e-02 4.553267208393663168e-04 4.443557409103959799e-04 6.823246949352324009e-04
-1.157600000000000000e+04 -3.338280000000000000e+05 -8.026500000000000000e+04 7.029819488525390625e-02 4.987982101738452911e-04 1.490859867772087455e-04 2.338858175789937377e-04
-9.327000000000000000e+03 -3.338380000000000000e+05 -8.028000000000000000e+04 7.258361577987670898e-02 8.238449809141457081e-04 2.653957344591617584e-04 4.591626347973942757e-04
-7.119000000000000000e+03 -3.338430000000000000e+05 -8.026800000000000000e+04 5.406785756349563599e-02 1.540540135465562344e-03 5.268144304864108562e-04 3.237373312003910542e-04
-4.942000000000000000e+03 -3.338460000000000000e+05 -8.027800000000000000e+04 2.320786565542221069e-02 2.883712528273463249e-03 2.783605596050620079e-04 4.552996833808720112e-04
-2.748000000000000000e+03 -3.338490000000000000e+05 -8.025600000000000000e+04 4.570110701024532318e-03 3.104895353317260742e-03 1.631841732887551188e-04 2.940422273240983486e-04
-4.930000000000000000e+02 -3.338510000000000000e+05 -8.026200000000000000e+04 2.471387758851051331e-02 2.765394048765301704e-03 9.589627152308821678e-04 2.361478254897519946e-04
1.694000000000000000e+03 -3.338510000000000000e+05 -8.028000000000000000e+04 2.706735022366046906e-02 2.282088622450828552e-03 2.720793418120592833e-04 2.414808404864743352e-04
3.870000000000000000e+03 -3.338560000000000000e+05 -8.029200000000000000e+04 1.661379635334014893e-02 1.284210360608994961e-03 2.877132792491465807e-04 2.401524252491071820e-04
6.125000000000000000e+03 -3.338580000000000000e+05 -8.026200000000000000e+04 6.054243538528680801e-03 7.340947049669921398e-04 2.348732086829841137e-04 6.837790133431553841e-04
8.389000000000000000e+03 -3.338570000000000000e+05 -8.026500000000000000e+04 9.881693404167890549e-04 6.051926175132393837e-04 2.410357265034690499e-04 3.825697058346122503e-04
1.054200000000000000e+04 -3.338580000000000000e+05 -8.025900000000000000e+04 4.098471719771623611e-03 6.909733638167381287e-04 7.666980964131653309e-04 3.394182131160050631e-04
1.276400000000000000e+04 -3.338600000000000000e+05 -8.026000000000000000e+04 8.255387656390666962e-03 8.576598484069108963e-04 4.750868538394570351e-04 4.545037518255412579e-04
1.502000000000000000e+04 -3.338620000000000000e+05 -8.025700000000000000e+04 9.349014610052108765e-03 8.140736026689410210e-04 2.458148810546845198e-04 4.242435097694396973e-04
-1.597700000000000000e+04 -3.317350000000000000e+05 -8.026800000000000000e+04 3.067161142826080322e-02 6.028228672221302986e-04 1.411295816069468856e-04 3.020985459443181753e-04
-1.379200000000000000e+04 -3.317510000000000000e+05 -8.025900000000000000e+04 4.117595776915550232e-02 4.263065347913652658e-04 1.104402181226760149e-04 1.484843232901766896e-04
-1.160800000000000000e+04 -3.317330000000000000e+05 -8.025600000000000000e+04 5.033333972096443176e-02 5.636771311401389539e-05 2.255522849736735225e-04 4.772224929183721542e-04
-9.327000000000000000e+03 -3.318060000000000000e+05 -8.026400000000000000e+04 5.366529524326324463e-02 1.199976395582780242e-04 1.963852701010182500e-04 4.938369384035468102e-04
-7.116000000000000000e+03 -3.318130000000000000e+05 -8.025900000000000000e+04 4.623183980584144592e-02 8.169861393980681896e-04 2.197146386606618762e-05 1.155214704340323806e-04
-4.846000000000000000e+03 -3.318150000000000000e+05 -8.026400000000000000e+04 2.591762319207191467e-02 1.458560000173747540e-03 5.131879006512463093e-04 4.348032234702259302e-04
-2.733000000000000000e+03 -3.318190000000000000e+05 -8.029100000000000000e+04 7.497639395296573639e-03 1.519861398264765739e-03 3.988979442510753870e-04 3.472260432317852974e-04
-5.210000000000000000e+02 -3.318200000000000000e+05 -8.027400000000000000e+04 7.721034344285726547e-03 1.099402899853885174e-03 3.922319156117737293e-04 3.386760363355278969e-04
1.696000000000000000e+03 -3.318240000000000000e+05 -8.027300000000000000e+04 1.062536984682083130e-02 2.318030165042728186e-04 5.000010714866220951e-04 3.169364645145833492e-04
3.917000000000000000e+03 -3.317800000000000000e+05 -8.027400000000000000e+04 5.248696543276309967e-03 4.549576260615140200e-04 2.917057136073708534e-04 4.225093289278447628e-04
6.153000000000000000e+03 -3.318300000000000000e+05 -8.027100000000000000e+04 8.968964684754610062e-04 4.121933598071336746e-04 6.651891744695603848e-04 1.445438538212329149e-04
8.364000000000000000e+03 -3.318290000000000000e+05 -8.026400000000000000e+04 6.553869461640715599e-04 1.357819128315895796e-04 5.688937380909919739e-04 4.590416210703551769e-04
1.054900000000000000e+04 -3.318310000000000000e+05 -8.028000000000000000e+04 4.237977322190999985e-03 3.740983665920794010e-04 2.311742573510855436e-04 3.640324575826525688e-04
1.276100000000000000e+04 -3.318320000000000000e+05 -8.027100000000000000e+04 1.052213925868272781e-02 3.021321899723261595e-04 3.899418225046247244e-04 2.761355135589838028e-04
1.498700000000000000e+04 -3.318490000000000000e+05 -8.027100000000000000e+04 1.068175770342350006e-02 5.537447286769747734e-04 1.333727996097877622e-04 5.457087172544561327e-05
-1.597800000000000000e+04 -3.295210000000000000e+05 -8.026800000000000000e+04 2.303444594144821167e-02 3.745462163351476192e-04 4.171340260654687881e-04 5.302976351231336594e-04
-1.381600000000000000e+04 -3.292870000000000000e+05 -8.027100000000000000e+04 2.415626496076583862e-02 2.830933080986142159e-04 4.657402751035988331e-04 4.036679092678241432e-05
-1.153900000000000000e+04 -3.294010000000000000e+05 -8.027100000000000000e+04 2.550142444670200348e-02 3.982622001785784960e-04 1.288541097892448306e-04 5.602103192359209061e-04
-9.383000000000000000e+03 -3.294590000000000000e+05 -8.026400000000000000e+04 2.781104855239391327e-02 5.236791330389678478e-04 3.802595601882785559e-04 2.599648432806134224e-04
-7.105000000000000000e+03 -3.294670000000000000e+05 -8.027300000000000000e+04 2.533875405788421631e-02 2.710403932724148035e-04 3.951016697101294994e-04 4.297437044442631304e-05
-4.879000000000000000e+03 -3.294710000000000000e+05 -8.026800000000000000e+04 1.778214424848556519e-02 2.485583245288580656e-04 3.988145326729863882e-04 1.010122941806912422e-04
-2.763000000000000000e+03 -3.294750000000000000e+05 -8.025700000000000000e+04 8.290543220937252045e-03 4.058471531607210636e-04 2.311980060767382383e-04 3.809888730756938457e-04
-4.710000000000000000e+02 -3.294770000000000000e+05 -8.026400000000000000e+04 2.176154637709259987e-03 2.178054710384458303e-04 1.841568300733342767e-04 5.803538369946181774e-04
1.772000000000000000e+03 -3.295410000000000000e+05 -8.026800000000000000e+04 2.025035908445715904e-03 6.549058016389608383e-04 4.536336346063762903e-04 1.896505127660930157e-04
3.847000000000000000e+03 -3.295240000000000000e+05 -8.026900000000000000e+04 5.199316889047622681e-03 7.998709334060549736e-04 1.340830494882538915e-04 3.231228038202971220e-04
6.081000000000000000e+03 -3.294770000000000000e+05 -8.025700000000000000e+04 4.915745463222265244e-03 2.631860261317342520e-04 3.580386401154100895e-04 1.380031317239627242e-04
8.365000000000000000e+03 -3.295280000000000000e+05 -8.028600000000000000e+04 7.318106363527476788e-04 1.245617022505030036e-04 4.240359703544527292e-04 4.341014573583379388e-05
1.057800000000000000e+04 -3.294840000000000000e+05 -8.027300000000000000e+04 6.564239505678415298e-03 3.214076859876513481e-04 4.379643360152840614e-04 3.845262981485575438e-04
1.276200000000000000e+04 -3.295120000000000000e+05 -8.027200000000000000e+04 1.110657490789890289e-02 2.865151618607342243e-04 6.834203377366065979e-04 1.334044936811551452e-04
1.497000000000000000e+04 -3.295330000000000000e+05 -8.027500000000000000e+04 1.061446312814950943e-02 7.726734620518982410e-04 6.638175545958802104e-05 3.383256262168288231e-04
-1.599600000000000000e+04 -3.276250000000000000e+05 -8.027300000000000000e+04 1.566929183900356293e-02 4.612534248735755682e-04 2.523902221582829952e-04 2.522994764149188995e-04
-1.372500000000000000e+04 -3.272090000000000000e+05 -8.026600000000000000e+04 1.218941062688827515e-02 5.629443912766873837e-04 5.820377264171838760e-04 4.082667292095720768e-04
-1.155300000000000000e+04 -3.272580000000000000e+05 -8.027600000000000000e+04 1.161276362836360931e-02 3.463213215582072735e-04 2.794496540445834398e-04 4.502387600950896740e-04
-9.344000000000000000e+03 -3.272970000000000000e+05 -8.026900000000000000e+04 1.197180151939392090e-02 1.612362102605402470e-04 7.767270290059968829e-05 2.229039673693478107e-04
-7.123000000000000000e+03 -3.273060000000000000e+05 -8.027100000000000000e+04 1.198531128466129303e-02 2.162455784855410457e-04 1.383724738843739033e-04 6.594749866053462029e-04
-4.928000000000000000e+03 -3.273080000000000000e+05 -8.025700000000000000e+04 9.955058805644512177e-03 1.355692802462726831e-04 2.663655905053019524e-04 1.892611908260732889e-04
-2.789000000000000000e+03 -3.273170000000000000e+05 -8.028300000000000000e+04 8.650053292512893677e-03 3.422904119361191988e-04 3.290306485723704100e-04 1.177252124762162566e-04
-5.280000000000000000e+02 -3.273170000000000000e+05 -8.026900000000000000e+04 6.387343630194664001e-03 4.865301889367401600e-04 2.247145748697221279e-04 2.012981422012671828e-04
1.702000000000000000e+03 -3.273210000000000000e+05 -8.027300000000000000e+04 8.703872561454772949e-03 4.082968807779252529e-04 1.787868386600166559e-04 3.290029126219451427e-04
3.925000000000000000e+03 -3.273240000000000000e+05 -8.027100000000000000e+04 1.006333809345960617e-02 4.736024420708417892e-04 1.250031928066164255e-04 1.076361659215763211e-04
6.107000000000000000e+03 -3.273270000000000000e+05 -8.026800000000000000e+04 7.709288038313388824e-03 2.886736765503883362e-04 1.751153467921540141e-04 3.708937147166579962e-04
8.367000000000000000e+03 -3.273230000000000000e+05 -8.027100000000000000e+04 1.171451411210000515e-03 7.453383877873420715e-04 1.789469242794439197e-04 1.836119627114385366e-04
1.051700000000000000e+04 -3.272760000000000000e+05 -8.025900000000000000e+04 9.353118948638439178e-03 2.841088862624019384e-04 1.296055706916376948e-04 9.778972889762371778e-05
1.271000000000000000e+04 -3.273280000000000000e+05 -8.026400000000000000e+04 1.224380917847156525e-02 3.209901624359190464e-04 3.759651153814047575e-04 4.660735721699893475e-04
1.497500000000000000e+04 -3.273000000000000000e+05 -8.025900000000000000e+04 9.574806317687034607e-03 3.031499509233981371e-04 2.135734539479017258e-04 2.665305219125002623e-04
-1.597900000000000000e+04 -3.252150000000000000e+05 -8.026100000000000000e+04 8.663212880492210388e-03 3.899117582477629185e-04 3.587959508877247572e-04 2.682984340935945511e-04
-1.379100000000000000e+04 -3.249400000000000000e+05 -8.026900000000000000e+04 6.186484824866056442e-03 3.742607077583670616e-04 3.052704851143062115e-04 3.387671604286879301e-04
-1.154900000000000000e+04 -3.249930000000000000e+05 -8.027100000000000000e+04 5.752411670982837677e-03 2.501770504750311375e-04 3.744523273780941963e-04 1.799564779503270984e-04
-9.383000000000000000e+03 -3.250030000000000000e+05 -8.025700000000000000e+04 6.310170516371726990e-03 4.492351436056196690e-04 5.503608845174312592e-04 4.001049383077770472e-04
-7.194000000000000000e+03 -3.250060000000000000e+05 -8.027400000000000000e+04 6.605547387152910233e-03 3.343694552313536406e-04 2.673305862117558718e-04 8.552051149308681488e-04
-5.016000000000000000e+03 -3.250120000000000000e+05 -8.024300000000000000e+04 7.963831536471843719e-03 1.414109865436330438e-04 2.025766880251467228e-04 5.645978380925953388e-04
-2.780000000000000000e+03 -3.250130000000000000e+05 -8.027100000000000000e+04 9.449603967368602753e-03 5.678581655956804752e-04 2.644716296344995499e-04 6.356589728966355324e-04
-4.700000000000000000e+02 -3.250160000000000000e+05 -8.027100000000000000e+04 1.131051313132047653e-02 4.823029157705605030e-04 2.763085067272186279e-04 5.201043095439672470e-04
1.638000000000000000e+03 -3.250200000000000000e+05 -8.025700000000000000e+04 1.063061319291591644e-02 4.572538600768893957e-04 6.522001349367201328e-04 4.483938391786068678e-04
3.857000000000000000e+03 -3.250210000000000000e+05 -8.027300000000000000e+04 1.031146477907896042e-02 1.275826361961662769e-04 5.026194849051535130e-04 7.414096762659028172e-05
6.063000000000000000e+03 -3.250230000000000000e+05 -8.025900000000000000e+04 5.726831033825874329e-03 4.166799481026828289e-04 1.817596348701044917e-04 1.803289342205971479e-04
8.348000000000000000e+03 -3.250280000000000000e+05 -8.025000000000000000e+04 3.724587615579366684e-03 3.169979900121688843e-04 1.727173512335866690e-04 6.630609277635812759e-05
1.050000000000000000e+04 -3.250280000000000000e+05 -8.026900000000000000e+04 1.078585535287857056e-02 3.608448314480483532e-04 1.374874700559303164e-04 3.015399852301925421e-04
1.274500000000000000e+04 -3.250300000000000000e+05 -8.026000000000000000e+04 1.316184643656015396e-02 2.473606436979025602e-04 2.082630962831899524e-04 5.235880380496382713e-04
1.500600000000000000e+04 -3.250320000000000000e+05 -8.027000000000000000e+04 7.678100373595952988e-03 3.904356271959841251e-04 5.372738232836127281e-04 2.884899440687149763e-04
-1.600200000000000000e+04 -3.227900000000000000e+05 -8.027300000000000000e+04 4.790063947439193726e-03 6.785232835682108998e-05 5.233228439465165138e-04 5.843805265612900257e-04
-1.370500000000000000e+04 -3.227390000000000000e+05 -8.027400000000000000e+04 4.432643763720989227e-03 1.966401760000735521e-04 7.588852313347160816e-04 9.309240704169496894e-05
-1.156500000000000000e+04 -3.227520000000000000e+05 -8.027100000000000000e+04 4.573890008032321930e-03 4.069486167281866074e-04 5.074496148154139519e-04 7.647040183655917645e-05
-9.360000000000000000e+03 -3.227620000000000000e+05 -8.028800000000000000e+04 4.815622232854366302e-03 2.966380270663648844e-04 1.149277522927150130e-04 5.838028155267238617e-04
-7.179000000000000000e+03 -3.227660000000000000e+05 -8.027800000000000000e+04 5.365611985325813293e-03 9.107547521125525236e-05 4.221368290018290281e-04 7.528097485192120075e-04
-4.966000000000000000e+03 -3.227680000000000000e+05 -8.027200000000000000e+04 8.232748135924339294e-03 1.303598837694153190e-04 6.716239295201376081e-05 2.959937264677137136e-04
-2.767000000000000000e+03 -3.227690000000000000e+05 -8.026700000000000000e+04 1.168775185942649841e-02 2.523105940781533718e-04 1.656427193665876985e-04 4.281774090486578643e-05
-5.680000000000000000e+02 -3.227710000000000000e+05 -8.028100000000000000e+04 1.314595341682434082e-02 2.645411004777997732e-04 5.745175076299346983e-05 2.939367550425231457e-04
1.727000000000000000e+03 -3.227790000000000000e+05 -8.027100000000000000e+04 1.178087666630744934e-02 2.245787036372348666e-04 3.982472117058932781e-04 1.632261992199346423e-04
3.868000000000000000e+03 -3.227790000000000000e+05 -8.027600000000000000e+04 8.568000979721546173e-03 2.657121513038873672e-04 6.227344274520874023e-04 3.086654178332537413e-04
6.086000000000000000e+03 -3.227800000000000000e+05 -8.027800000000000000e+04 2.361899008974432945e-03 5.863003898411989212e-04 4.608160452335141599e-05 9.542407497065141797e-06
8.390000000000000000e+03 -3.227820000000000000e+05 -8.027100000000000000e+04 6.264969240874052048e-03 3.401245921850204468e-04 4.687370383180677891e-04 3.968789242208003998e-04
1.050400000000000000e+04 -3.227820000000000000e+05 -8.028500000000000000e+04 1.328310463577508926e-02 3.215288161300122738e-04 2.932421339210122824e-04 4.876774910371750593e-04
1.274300000000000000e+04 -3.227860000000000000e+05 -8.027100000000000000e+04 1.127889845520257950e-02 3.187498077750205994e-04 1.404326321789994836e-04 4.740729636978358030e-04
1.492400000000000000e+04 -3.227890000000000000e+05 -8.027500000000000000e+04 7.941653952002525330e-03 1.285024918615818024e-04 2.582903834991157055e-04 3.943019837606698275e-04
