-1.207200000000000000e+04 -3.498270000000000000e+05 -8.026700000000000000e+04 3.700096905231475830e-02 1.158243394456803799e-03 1.716198603389784694e-04 1.167913287645205855e-04
-1.096000000000000000e+04 -3.498270000000000000e+05 -8.028000000000000000e+04 3.492886573076248169e-02 1.335528329946100712e-03 1.815970172174274921e-04 1.525840198155492544e-04
-9.898000000000000000e+03 -3.498760000000000000e+05 -8.028200000000000000e+04 3.139622509479522705e-02 7.582769030705094337e-04 4.933770978823304176e-04 5.977135733701288700e-04
-8.841000000000000000e+03 -3.499250000000000000e+05 -8.022500000000000000e+04 2.662485651671886444e-02 7.406332879327237606e-04 7.249942864291369915e-04 2.637209836393594742e-04
-7.865000000000000000e+03 -3.498640000000000000e+05 -8.028000000000000000e+04 1.834743656218051910e-02 9.364954894408583641e-04 1.400616602040827274e-04 3.203647065674886107e-05
-6.718000000000000000e+03 -3.498560000000000000e+05 -8.028500000000000000e+04 1.240839809179306030e-02 1.032158383168280125e-03 4.679752164520323277e-04 1.697674451861530542e-04
-5.722000000000000000e+03 -3.498210000000000000e+05 -8.028700000000000000e+04 9.389044716954231262e-03 1.033513457514345646e-03 4.496017936617136002e-04 3.474311597528867424e-05
-4.698000000000000000e+03 -3.498130000000000000e+05 -8.027400000000000000e+04 6.792171858251094818e-03 6.383274449035525322e-04 2.929519105236977339e-04 3.170889103785157204e-04
-3.660000000000000000e+03 -3.498590000000000000e+05 -8.028600000000000000e+04 4.024611786007881165e-03 5.580660072155296803e-04 2.096162934321910143e-04 2.021105319727212191e-04
-2.604000000000000000e+03 -3.497990000000000000e+05 -8.029700000000000000e+04 2.398414537310600281e-03 5.870665190741419792e-04 1.675788953434675932e-04 3.722998953890055418e-04
-1.591000000000000000e+03 -3.497970000000000000e+05 -8.028000000000000000e+04 1.256779185496270657e-03 3.620260686147958040e-04 3.052034589927643538e-04 1.404870999976992607e-04
-3.950000000000000000e+02 -3.498460000000000000e+05 -8.028300000000000000e+04 2.097073593176901340e-04 2.592086093500256538e-04 2.936056116595864296e-04 3.154685255140066147e-04
6.440000000000000000e+02 -3.498460000000000000e+05 -8.027900000000000000e+04 3.217015764676034451e-04 4.940339131280779839e-04 1.692054938757792115e-04 1.745209156069904566e-04
1.659000000000000000e+03 -3.498360000000000000e+05 -8.028200000000000000e+04 1.563096302561461926e-04 6.871867226436734200e-04 4.513976455200463533e-04 2.983094600494951010e-04
2.729000000000000000e+03 -3.497960000000000000e+05 -8.028200000000000000e+04 1.065860051312483847e-04 5.174246034584939480e-04 3.490862145554274321e-04 1.876187598099932075e-04
3.788000000000000000e+03 -3.498380000000000000e+05 -8.028200000000000000e+04 3.799845289904624224e-04 2.848645381163805723e-04 6.540484027937054634e-04 5.509693291969597340e-04
4.794000000000000000e+03 -3.498310000000000000e+05 -8.027900000000000000e+04 4.884644877165555954e-04 3.402829461265355349e-04 3.882825840264558792e-04 2.994576643686741590e-04
5.787000000000000000e+03 -3.498380000000000000e+05 -8.028900000000000000e+04 5.430792807601392269e-04 5.716378218494355679e-04 3.231453010812401772e-04 4.704520979430526495e-04
6.895000000000000000e+03 -3.498390000000000000e+05 -8.028200000000000000e+04 7.460232009179890156e-04 3.530128451529890299e-04 1.372270780848339200e-04 2.950208145193755627e-04
7.979000000000000000e+03 -3.498420000000000000e+05 -8.027800000000000000e+04 6.146472296677529812e-04 3.666011325549334288e-04 3.714024205692112446e-04 2.591917582321912050e-04
9.005000000000000000e+03 -3.498390000000000000e+05 -8.028000000000000000e+04 9.436457185074687004e-04 1.958607608685269952e-04 3.688167489599436522e-04 3.757390950340777636e-04
-1.190500000000000000e+04 -3.486280000000000000e+05 -8.028900000000000000e+04 5.014433711767196655e-02 1.521737896837294102e-03 3.363349533174186945e-04 3.365128941368311644e-04
-1.094900000000000000e+04 -3.487050000000000000e+05 -8.026900000000000000e+04 4.567001014947891235e-02 1.698235981166362762e-03 3.343308926559984684e-04 2.787159464787691832e-04
-9.925000000000000000e+03 -3.487270000000000000e+05 -8.026000000000000000e+04 3.792512044310569763e-02 1.278746873140335083e-03 4.623669374268501997e-04 1.975032791960984468e-04
-8.850000000000000000e+03 -3.487290000000000000e+05 -8.028300000000000000e+04 2.893193624913692474e-02 1.489378744736313820e-03 4.333653778303414583e-04 7.243785075843334198e-04
-7.753000000000000000e+03 -3.487320000000000000e+05 -8.028200000000000000e+04 2.043163776397705078e-02 1.164033776149153709e-03 1.591548352735117078e-04 3.500622988212853670e-04
-6.717000000000000000e+03 -3.487370000000000000e+05 -8.028300000000000000e+04 1.455846708267927170e-02 1.577103743329644203e-03 3.703410329762846231e-04 3.785261069424450397e-04
-5.650000000000000000e+03 -3.487420000000000000e+05 -8.028700000000000000e+04 1.184081565588712692e-02 1.613052678294479847e-03 2.900590479839593172e-04 6.393069634214043617e-04
-4.660000000000000000e+03 -3.486850000000000000e+05 -8.028200000000000000e+04 8.976574055850505829e-03 7.355856359936296940e-04 3.466847701929509640e-04 3.549663815647363663e-04
-3.601000000000000000e+03 -3.487460000000000000e+05 -8.028400000000000000e+04 5.107194185256958008e-03 3.200318897143006325e-04 5.418505170382559299e-04 3.787279420066624880e-04
-2.524000000000000000e+03 -3.487450000000000000e+05 -8.028900000000000000e+04 3.284138627350330353e-03 9.705232223495841026e-04 6.288577569648623466e-04 3.499902086332440376e-04
-1.530000000000000000e+03 -3.487500000000000000e+05 -8.026100000000000000e+04 1.011757645756006241e-03 8.203777251765131950e-04 4.611636977642774582e-04 4.388427187222987413e-04
-3.920000000000000000e+02 -3.487500000000000000e+05 -8.028500000000000000e+04 6.253460014704614878e-05 5.950732738710939884e-04 1.983949769055470824e-04 1.601096446393057704e-04
6.100000000000000000e+02 -3.487580000000000000e+05 -8.028700000000000000e+04 2.458977105561643839e-04 6.974216084927320480e-04 1.738925639074295759e-04 1.667787728365510702e-04
1.579000000000000000e+03 -3.487580000000000000e+05 -8.029000000000000000e+04 1.777824218152090907e-04 4.018694453407078981e-04 3.431825316511094570e-04 5.131256766617298126e-04
2.786000000000000000e+03 -3.487500000000000000e+05 -8.028100000000000000e+04 6.450905348174273968e-04 5.775099853053689003e-04 4.007451352663338184e-04 2.791127189993858337e-04
3.603000000000000000e+03 -3.487590000000000000e+05 -8.029600000000000000e+04 4.757225979119539261e-04 3.258956130594015121e-04 4.298055719118565321e-04 2.068465255433693528e-04
4.729000000000000000e+03 -3.487620000000000000e+05 -8.027800000000000000e+04 8.488597231917083263e-04 5.126224714331328869e-04 3.093756095040589571e-05 4.145106067880988121e-04
5.757000000000000000e+03 -3.487570000000000000e+05 -8.028400000000000000e+04 6.682524108327925205e-04 2.308575785718858242e-04 1.331361854681745172e-04 2.270365075673907995e-04
6.834000000000000000e+03 -3.487660000000000000e+05 -8.028900000000000000e+04 4.657487443182617426e-04 1.441887434339150786e-04 1.795179559849202633e-04 9.045891347341239452e-04
7.937000000000000000e+03 -3.487660000000000000e+05 -8.028500000000000000e+04 7.000626646913588047e-04 8.052897173911333084e-04 1.440644118702039123e-04 5.925965888309292495e-05
9.016000000000000000e+03 -3.487670000000000000e+05 -8.028000000000000000e+04 7.411755505017936230e-04 3.340426192153245211e-04 3.469714138191193342e-04 1.603029086254537106e-04
-1.196700000000000000e+04 -3.477610000000000000e+05 -8.029100000000000000e+04 6.828144937753677368e-02 1.376214437186717987e-03 3.718910156749188900e-04 4.951867158524692059e-04
-1.096600000000000000e+04 -3.477190000000000000e+05 -8.028400000000000000e+04 6.001849099993705750e-02 2.068960340693593025e-03 7.197409868240356445e-04 2.154308313038200140e-04
-9.839000000000000000e+03 -3.477160000000000000e+05 -8.028500000000000000e+04 4.564432799816131592e-02 2.145916223526000977e-03 2.497461100574582815e-04 4.575127677526324987e-04
-8.946000000000000000e+03 -3.477190000000000000e+05 -8.028200000000000000e+04 3.217781335115432739e-02 2.378773177042603493e-03 6.688867579214274883e-04 4.615458310581743717e-04
-7.777000000000000000e+03 -3.476740000000000000e+05 -8.028700000000000000e+04 1.970327273011207581e-02 2.215967979282140732e-03 3.622170188464224339e-04 1.106923082261346281e-04
-6.793000000000000000e+03 -3.477330000000000000e+05 -8.028300000000000000e+04 1.416074112057685852e-02 1.985206967219710350e-03 2.396954951109364629e-04 2.454323985148221254e-04
-5.728000000000000000e+03 -3.477420000000000000e+05 -8.029600000000000000e+04 1.178172975778579712e-02 2.000360516831278801e-03 3.268221917096525431e-04 3.933504922315478325e-04
-4.695000000000000000e+03 -3.477390000000000000e+05 -8.028700000000000000e+04 8.778126910328865051e-03 1.286329934373497963e-03 2.079566329484805465e-04 4.055332101415842772e-04
-3.546000000000000000e+03 -3.477340000000000000e+05 -8.028900000000000000e+04 5.320211406797170639e-03 1.395172206684947014e-03 2.243709895992651582e-04 3.513795381877571344e-04
-2.519000000000000000e+03 -3.477330000000000000e+05 -8.028200000000000000e+04 2.948975423350930214e-03 1.083849114365875721e-03 3.791066119447350502e-04 4.363302141427993774e-04
-1.576000000000000000e+03 -3.477430000000000000e+05 -8.028100000000000000e+04 1.387599622830748558e-03 7.616611546836793423e-04 5.042288103140890598e-04 1.478325721109285951e-04
-3.880000000000000000e+02 -3.477440000000000000e+05 -8.027900000000000000e+04 5.137387779541313648e-04 7.669826154597103596e-04 1.516406628070399165e-04 5.448581650853157043e-04
6.410000000000000000e+02 -3.477430000000000000e+05 -8.028200000000000000e+04 7.136714993976056576e-04 8.430527523159980774e-04 5.357090049074031413e-05 3.371963393874466419e-04
1.697000000000000000e+03 -3.477430000000000000e+05 -8.028600000000000000e+04 4.064672975800931454e-04 5.526265013031661510e-04 1.667490578256547451e-04 2.333035808987915516e-04
2.743000000000000000e+03 -3.477480000000000000e+05 -8.028200000000000000e+04 4.806659126188606024e-04 4.725151520688086748e-04 3.497072029858827591e-04 8.125408203341066837e-04
3.803000000000000000e+03 -3.476680000000000000e+05 -8.028200000000000000e+04 2.298041508765891194e-04 5.668576923198997974e-04 7.376600988209247589e-04 2.360815560678020120e-04
4.808000000000000000e+03 -3.477520000000000000e+05 -8.028100000000000000e+04 4.133704642299562693e-04 5.825093248859047890e-04 1.282251178054139018e-04 3.411283250898122787e-04
5.856000000000000000e+03 -3.477550000000000000e+05 -8.028800000000000000e+04 5.624070763587951660e-04 2.411450695944949985e-04 2.869137097150087357e-04 4.464206576813012362e-04
6.811000000000000000e+03 -3.477520000000000000e+05 -8.027300000000000000e+04 8.390400907956063747e-04 4.296912811696529388e-04 1.668576442170888186e-04 4.116914933547377586e-04
7.890000000000000000e+03 -3.477590000000000000e+05 -8.028800000000000000e+04 1.132660428993403912e-03 5.828469875268638134e-04 1.797815202735364437e-04 2.786725526675581932e-04
9.034000000000000000e+03 -3.477580000000000000e+05 -8.028200000000000000e+04 1.129407552070915699e-03 7.724572205916047096e-04 4.486537072807550430e-04 1.347370271105319262e-04
-1.196300000000000000e+04 -3.468060000000000000e+05 -8.028400000000000000e+04 9.424172341823577881e-02 2.113261958584189415e-03 5.230968235991895199e-04 2.170624502468854189e-04
-1.099700000000000000e+04 -3.465790000000000000e+05 -8.028900000000000000e+04 8.724538236856460571e-02 2.376646036282181740e-03 3.159691696055233479e-04 3.037945134565234184e-04
-1.001600000000000000e+04 -3.466610000000000000e+05 -8.028300000000000000e+04 6.935635209083557129e-02 2.588932635262608528e-03 2.281386405229568481e-04 5.132015212439000607e-04
-8.840000000000000000e+03 -3.466660000000000000e+05 -8.029600000000000000e+04 4.794503748416900635e-02 3.247602842748165131e-03 8.775760070420801640e-04 1.654967491049319506e-04
-7.800000000000000000e+03 -3.466740000000000000e+05 -8.028300000000000000e+04 2.992765046656131744e-02 2.991233719512820244e-03 2.548141055740416050e-04 3.863676975015550852e-04
-6.704000000000000000e+03 -3.466700000000000000e+05 -8.028200000000000000e+04 1.990383490920066833e-02 3.018531948328018188e-03 1.157638966105878353e-03 4.010084085166454315e-04
-5.637000000000000000e+03 -3.466490000000000000e+05 -8.028900000000000000e+04 1.506665535271167755e-02 3.161192173138260841e-03 1.797605509636923671e-04 4.213811189401894808e-04
-4.648000000000000000e+03 -3.466900000000000000e+05 -8.028500000000000000e+04 1.033865846693515778e-02 2.756315050646662712e-03 9.356831433251500130e-04 1.932560262503102422e-04
-3.572000000000000000e+03 -3.466810000000000000e+05 -8.028700000000000000e+04 5.645131226629018784e-03 2.259060507640242577e-03 2.702786587178707123e-04 4.414954746607691050e-04
-2.494000000000000000e+03 -3.466960000000000000e+05 -8.028700000000000000e+04 3.004799829795956612e-03 1.627591671422123909e-03 9.195904131047427654e-04 5.882307959836907685e-05
-1.463000000000000000e+03 -3.467020000000000000e+05 -8.028400000000000000e+04 1.428407500497996807e-03 1.377596636302769184e-03 6.062888423912227154e-04 3.306946018710732460e-04
-4.670000000000000000e+02 -3.466820000000000000e+05 -8.028000000000000000e+04 1.286959974095225334e-03 1.571361790411174297e-03 3.716708743013441563e-04 2.361114748055115342e-04
6.650000000000000000e+02 -3.466890000000000000e+05 -8.028900000000000000e+04 2.209754195064306259e-03 1.213259529322385788e-03 3.981401387136429548e-04 7.052176515571773052e-04
1.657000000000000000e+03 -3.466920000000000000e+05 -8.028300000000000000e+04 2.079486846923828125e-03 1.532876398414373398e-03 3.412397927604615688e-04 5.898844028706662357e-05
2.711000000000000000e+03 -3.466050000000000000e+05 -8.028400000000000000e+04 1.461465843021869659e-03 8.093562209978699684e-04 3.858398704323917627e-04 3.173774748574942350e-04
3.788000000000000000e+03 -3.466910000000000000e+05 -8.028200000000000000e+04 1.131770317442715168e-03 8.794208988547325134e-04 3.462193126324564219e-04 2.958876430056989193e-04
4.813000000000000000e+03 -3.466920000000000000e+05 -8.028700000000000000e+04 1.331252569798380136e-04 5.712390993721783161e-04 2.406703279120847583e-04 2.121726720361039042e-04
5.820000000000000000e+03 -3.466330000000000000e+05 -8.028400000000000000e+04 4.836701555177569389e-04 6.228610873222351074e-04 3.486996865831315517e-04 2.621925377752631903e-04
6.886000000000000000e+03 -3.466940000000000000e+05 -8.028000000000000000e+04 1.392636215314269066e-03 4.716890980489552021e-04 1.819210447138175368e-04 2.237699809484183788e-04
7.912000000000000000e+03 -3.466350000000000000e+05 -8.026700000000000000e+04 1.802186481654644012e-03 1.060236943885684013e-03 3.329619357828050852e-04 3.621669893618673086e-04
8.978000000000000000e+03 -3.466870000000000000e+05 -8.028600000000000000e+04 1.793994917534291744e-03 9.533803677186369896e-04 6.455165566876530647e-04 5.991148645989596844e-04
-1.199900000000000000e+04 -3.457390000000000000e+05 -8.029100000000000000e+04 1.345517784357070923e-01 1.516467658802866936e-03 7.133231265470385551e-04 7.361097377724945545e-04
-1.100000000000000000e+04 -3.455260000000000000e+05 -8.028000000000000000e+04 1.346091628074645996e-01 2.305822446942329407e-03 2.977757540065795183e-04 1.167124355561099946e-04
-9.837000000000000000e+03 -3.454780000000000000e+05 -8.028400000000000000e+04 1.162162646651268005e-01 3.155531361699104309e-03 3.060765448026359081e-04 1.981124514713883400e-04
-8.921000000000000000e+03 -3.454850000000000000e+05 -8.027900000000000000e+04 9.435786306858062744e-02 2.998115960508584976e-03 6.236142362467944622e-04 2.074934309348464012e-04
-7.836000000000000000e+03 -3.454900000000000000e+05 -8.029800000000000000e+04 6.862623244524002075e-02 3.358720103278756142e-03 4.461889911908656359e-04 5.630148225463926792e-04
-6.826000000000000000e+03 -3.454940000000000000e+05 -8.026500000000000000e+04 4.990305379033088684e-02 3.168351016938686371e-03 4.738317220471799374e-04 6.241532973945140839e-04
-5.706000000000000000e+03 -3.454980000000000000e+05 -8.028900000000000000e+04 3.619840741157531738e-02 4.036236554384231567e-03 6.932730902917683125e-04 1.957118947757408023e-04
-4.753000000000000000e+03 -3.454970000000000000e+05 -8.026400000000000000e+04 2.712916955351829529e-02 4.804510623216629028e-03 7.624910795129835606e-04 4.383519117254763842e-04
-3.644000000000000000e+03 -3.455010000000000000e+05 -8.028300000000000000e+04 1.708846166729927063e-02 3.621461335569620132e-03 4.254888917785137892e-04 1.800978061510249972e-04
-2.589000000000000000e+03 -3.455060000000000000e+05 -8.028500000000000000e+04 8.130283094942569733e-03 3.285612445324659348e-03 3.308358136564493179e-04 2.044920838670805097e-04
-1.545000000000000000e+03 -3.455030000000000000e+05 -8.027300000000000000e+04 2.928451634943485260e-03 2.376415533944964409e-03 1.789671077858656645e-04 2.545548486523330212e-04
-4.390000000000000000e+02 -3.455080000000000000e+05 -8.028700000000000000e+04 2.450628206133842468e-03 1.558005809783935547e-03 2.323906373931095004e-04 2.944144362118095160e-04
6.240000000000000000e+02 -3.455060000000000000e+05 -8.028700000000000000e+04 5.156690254807472229e-03 2.082110149785876274e-03 1.041223295032978058e-04 4.239351619617082179e-05
1.660000000000000000e+03 -3.455090000000000000e+05 -8.028500000000000000e+04 5.188847426325082779e-03 1.065111369825899601e-03 4.920875653624534607e-04 2.026991569437086582e-04
2.662000000000000000e+03 -3.455130000000000000e+05 -8.027800000000000000e+04 3.904758486896753311e-03 8.190340013243257999e-04 3.341943956911563873e-04 2.955779491458088160e-04
3.661000000000000000e+03 -3.455110000000000000e+05 -8.028400000000000000e+04 2.266929950565099716e-03 1.294441637583076954e-03 2.765274257399141788e-04 2.059852267848327756e-04
4.738000000000000000e+03 -3.455120000000000000e+05 -8.028200000000000000e+04 1.236975076608359814e-03 8.113645017147064209e-04 1.399282191414386034e-04 1.228902547154575586e-04
5.859000000000000000e+03 -3.455150000000000000e+05 -8.028900000000000000e+04 5.428028525784611702e-04 1.212848350405693054e-03 5.533674848265945911e-04 3.732226323336362839e-04
6.932000000000000000e+03 -3.455160000000000000e+05 -8.028500000000000000e+04 7.451534620486199856e-04 9.273781906813383102e-04 3.478715079836547375e-04 3.216843469999730587e-04
7.981000000000000000e+03 -3.455140000000000000e+05 -8.028900000000000000e+04 1.348438556306064129e-03 1.225974177941679955e-03 7.132721948437392712e-04 3.786172892432659864e-04
8.968000000000000000e+03 -3.455170000000000000e+05 -8.028300000000000000e+04 1.577631221152842045e-03 1.100888592191040516e-03 2.205636701546609402e-04 3.356059023644775152e-04
-1.190500000000000000e+04 -3.446470000000000000e+05 -8.028300000000000000e+04 1.571938842535018921e-01 7.566530839540064335e-04 7.746418123133480549e-04 5.289924447424709797e-04
-1.092100000000000000e+04 -3.446140000000000000e+05 -8.028500000000000000e+04 1.605934649705886841e-01 1.371380058117210865e-03 7.143960683606564999e-04 6.637235637754201889e-04
-9.914000000000000000e+03 -3.445930000000000000e+05 -8.029600000000000000e+04 1.536506712436676025e-01 2.085077110677957535e-03 8.257475565187633038e-04 2.864653069991618395e-04
-8.900000000000000000e+03 -3.446140000000000000e+05 -8.026100000000000000e+04 1.390924900770187378e-01 2.347229747101664543e-03 1.008118415484204888e-04 4.093484603799879551e-04
-7.753000000000000000e+03 -3.445630000000000000e+05 -8.028900000000000000e+04 1.168778389692306519e-01 2.635044045746326447e-03 6.456099217757582664e-04 4.265304014552384615e-04
-6.732000000000000000e+03 -3.446010000000000000e+05 -8.028700000000000000e+04 9.253826737403869629e-02 2.897371537983417511e-03 1.003522658720612526e-03 6.313407211564481258e-04
-5.792000000000000000e+03 -3.446140000000000000e+05 -8.028000000000000000e+04 6.851730495691299438e-02 4.035710357129573822e-03 9.627956897020339966e-04 4.715459654107689857e-04
-4.638000000000000000e+03 -3.445930000000000000e+05 -8.032300000000000000e+04 5.243743956089019775e-02 4.994406830519437790e-03 9.309551678597927094e-04 3.083021438214927912e-04
-3.648000000000000000e+03 -3.445940000000000000e+05 -8.026300000000000000e+04 3.682090342044830322e-02 5.010826513171195984e-03 1.206970075145363808e-03 3.160050255246460438e-04
-2.623000000000000000e+03 -3.446060000000000000e+05 -8.029800000000000000e+04 1.998747698962688446e-02 4.911903757601976395e-03 8.075323421508073807e-04 1.194662472698837519e-04
-1.528000000000000000e+03 -3.445920000000000000e+05 -8.028900000000000000e+04 7.102541159838438034e-03 3.931561950594186783e-03 5.999315180815756321e-04 3.524363564793020487e-04
-4.380000000000000000e+02 -3.445880000000000000e+05 -8.028900000000000000e+04 1.653979765251278877e-03 3.982445225119590759e-03 7.275140378624200821e-04 2.189868828281760216e-04
6.320000000000000000e+02 -3.445860000000000000e+05 -8.028700000000000000e+04 8.027979172766208649e-03 2.511551138013601303e-03 4.503682139329612255e-04 1.380499743390828371e-04
1.658000000000000000e+03 -3.445880000000000000e+05 -8.028600000000000000e+04 8.910550735890865326e-03 1.681152032688260078e-03 1.956024643732234836e-04 1.999736123252660036e-04
2.723000000000000000e+03 -3.445880000000000000e+05 -8.028600000000000000e+04 6.829082034528255463e-03 1.285945181734859943e-03 3.053841646760702133e-04 2.841517562046647072e-04
3.760000000000000000e+03 -3.445890000000000000e+05 -8.028400000000000000e+04 4.588735289871692657e-03 8.752595749683678150e-04 3.983062633778899908e-04 3.193186712451279163e-04
4.762000000000000000e+03 -3.445920000000000000e+05 -8.028800000000000000e+04 2.997151343151926994e-03 8.110734634101390839e-04 6.715345080010592937e-04 5.145049071870744228e-04
5.785000000000000000e+03 -3.445910000000000000e+05 -8.031500000000000000e+04 1.827586907893419266e-03 4.544607945717871189e-04 4.948353162035346031e-04 1.525033585494384170e-04
6.834000000000000000e+03 -3.445950000000000000e+05 -8.027400000000000000e+04 7.095790351741015911e-04 1.064630923792719841e-03 2.989631611853837967e-04 3.134354774374514818e-04
7.979000000000000000e+03 -3.445930000000000000e+05 -8.028900000000000000e+04 2.391844755038619041e-04 1.249135588295757771e-03 2.005143178394064307e-04 5.157131236046552658e-04
8.996000000000000000e+03 -3.445970000000000000e+05 -8.028600000000000000e+04 4.317036073189228773e-04 1.477714162319898605e-03 2.151502412743866444e-04 1.125241469708271325e-04
-1.197200000000000000e+04 -3.435970000000000000e+05 -8.028000000000000000e+04 1.543098092079162598e-01 5.115896346978843212e-04 3.092729602940380573e-04 4.330730880610644817e-04
-1.094300000000000000e+04 -3.435530000000000000e+05 -8.028700000000000000e+04 1.621188074350357056e-01 9.217760525643825531e-04 9.736531501403078437e-05 2.292814460815861821e-04
-9.971000000000000000e+03 -3.435650000000000000e+05 -8.030300000000000000e+04 1.658192723989486694e-01 9.264320833608508110e-04 8.478739764541387558e-04 3.815981035586446524e-04
-8.896000000000000000e+03 -3.435660000000000000e+05 -8.026500000000000000e+04 1.615401953458786011e-01 1.427391311153769493e-03 3.279446391388773918e-04 6.630204006796702743e-05
-7.837000000000000000e+03 -3.435780000000000000e+05 -8.029500000000000000e+04 1.512426584959030151e-01 2.250537509098649025e-03 9.818457328947260976e-05 2.892394841182976961e-04
-6.665000000000000000e+03 -3.435570000000000000e+05 -8.028400000000000000e+04 1.319512277841567993e-01 2.452276879921555519e-03 9.659504285082221031e-04 5.317525938153266907e-04
-5.737000000000000000e+03 -3.435630000000000000e+05 -8.029400000000000000e+04 1.080063357949256897e-01 3.751812269911170006e-03 9.732447797432541847e-04 5.420012748800218105e-04
-4.680000000000000000e+03 -3.435720000000000000e+05 -8.028200000000000000e+04 8.142631500959396362e-02 5.414817947894334793e-03 5.942541174590587616e-04 6.752195768058300018e-04
-3.650000000000000000e+03 -3.435590000000000000e+05 -8.028700000000000000e+04 5.711702629923820496e-02 7.492525503039360046e-03 1.295967260375618935e-03 3.768687602132558823e-04
-2.519000000000000000e+03 -3.435580000000000000e+05 -8.028900000000000000e+04 3.423751518130302429e-02 7.000986021012067795e-03 1.234668772667646408e-03 2.574298414401710033e-04
-1.462000000000000000e+03 -3.435490000000000000e+05 -8.028500000000000000e+04 1.290430128574371338e-02 6.704138591885566711e-03 1.006044680252671242e-03 4.908443079330027103e-04
-5.820000000000000000e+02 -3.435550000000000000e+05 -8.029400000000000000e+04 3.789007023442536592e-04 5.462296772748231888e-03 7.850397378206253052e-04 2.270843251608312130e-04
5.480000000000000000e+02 -3.435540000000000000e+05 -8.028700000000000000e+04 9.586843661963939667e-03 4.075898323208093643e-03 1.189087983220815659e-03 5.008915904909372330e-04
1.563000000000000000e+03 -3.435500000000000000e+05 -8.028700000000000000e+04 1.258150488138198853e-02 2.968701999634504318e-03 4.469902778510004282e-04 1.872620196081697941e-04
2.635000000000000000e+03 -3.435540000000000000e+05 -8.028600000000000000e+04 1.072233822196722031e-02 1.806079060770571232e-03 4.828076052945107222e-04 2.419085649307817221e-04
3.779000000000000000e+03 -3.435490000000000000e+05 -8.028500000000000000e+04 6.795991677790880203e-03 1.063946867361664772e-03 4.667752655223011971e-04 2.249056997243314981e-04
4.720000000000000000e+03 -3.435580000000000000e+05 -8.028900000000000000e+04 4.458248149603605270e-03 1.526875654235482216e-03 6.345466244965791702e-04 5.274584400467574596e-04
5.874000000000000000e+03 -3.435760000000000000e+05 -8.029200000000000000e+04 2.150973305106163025e-03 1.043581403791904449e-03 2.184626791859045625e-04 4.896775135421194136e-05
6.945000000000000000e+03 -3.435500000000000000e+05 -8.028900000000000000e+04 1.142435707151889801e-03 1.307113561779260635e-03 5.553206210606731474e-05 2.821683301590383053e-04
7.830000000000000000e+03 -3.435420000000000000e+05 -8.028900000000000000e+04 5.203987821005284786e-04 1.079100649803876877e-03 2.316549071110785007e-04 2.632904797792434692e-04
8.917000000000000000e+03 -3.435510000000000000e+05 -8.029300000000000000e+04 2.637401921674609184e-04 1.662956783547997475e-03 2.673005801625549793e-04 2.638986916281282902e-04
-1.196600000000000000e+04 -3.423640000000000000e+05 -8.029200000000000000e+04 1.431258022785186768e-01 2.843645343091338873e-04 1.531406014692038298e-04 2.679697936400771141e-04
-1.091300000000000000e+04 -3.422620000000000000e+05 -8.029600000000000000e+04 1.514970660209655762e-01 7.035079761408269405e-04 5.607332568615674973e-04 3.130772965960204601e-04
-9.880000000000000000e+03 -3.423190000000000000e+05 -8.027000000000000000e+04 1.567657291889190674e-01 1.214221585541963577e-03 3.911109524779021740e-04 2.735319139901548624e-04
-8.854000000000000000e+03 -3.423270000000000000e+05 -8.028700000000000000e+04 1.587643772363662720e-01 2.003540284931659698e-03 5.079180700704455376e-04 5.067252204753458500e-04
-7.734000000000000000e+03 -3.423320000000000000e+05 -8.028900000000000000e+04 1.539846211671829224e-01 2.625243272632360458e-03 9.506116039119660854e-04 3.479041333775967360e-04
-6.761000000000000000e+03 -3.423320000000000000e+05 -8.028900000000000000e+04 1.435276269912719727e-01 3.238815814256668091e-03 4.555552150122821331e-04 1.962910173460841179e-04
-5.703000000000000000e+03 -3.423390000000000000e+05 -8.028500000000000000e+04 1.253104209899902344e-01 4.120492842048406601e-03 6.221968797035515308e-04 7.615058566443622112e-04
-4.693000000000000000e+03 -3.423400000000000000e+05 -8.030100000000000000e+04 1.003355234861373901e-01 6.207764148712158203e-03 9.702850948087871075e-04 3.826965403277426958e-04
-3.693000000000000000e+03 -3.423440000000000000e+05 -8.027100000000000000e+04 7.372609525918960571e-02 8.059361949563026428e-03 1.759254024364054203e-03 9.046777267940342426e-04
-2.571000000000000000e+03 -3.423470000000000000e+05 -8.028700000000000000e+04 4.483159631490707397e-02 9.023855440318584442e-03 1.917057437822222710e-03 6.190002313815057278e-04
-1.512000000000000000e+03 -3.423500000000000000e+05 -8.028900000000000000e+04 2.082967013120651245e-02 9.627729654312133789e-03 1.273329951800405979e-03 2.218591544078662992e-04
-3.490000000000000000e+02 -3.423480000000000000e+05 -8.028500000000000000e+04 2.264222828671336174e-03 7.854593917727470398e-03 9.260234655812382698e-04 4.186801088508218527e-04
6.000000000000000000e+02 -3.423500000000000000e+05 -8.028900000000000000e+04 8.908048272132873535e-03 6.004252936691045761e-03 8.973516523838043213e-04 4.119649529457092285e-04
1.669000000000000000e+03 -3.423530000000000000e+05 -8.028900000000000000e+04 1.350119337439537048e-02 4.306248854845762253e-03 4.525363328866660595e-04 1.011032218229956925e-04
2.700000000000000000e+03 -3.423520000000000000e+05 -8.029100000000000000e+04 1.304441411048173904e-02 2.681666752323508263e-03 5.875651258975267410e-04 7.317699783015996218e-05
3.727000000000000000e+03 -3.423560000000000000e+05 -8.028200000000000000e+04 9.945859201252460480e-03 1.546825864352285862e-03 7.223682478070259094e-04 5.015011993236839771e-04
4.790000000000000000e+03 -3.423550000000000000e+05 -8.029800000000000000e+04 6.333882454782724380e-03 1.276986906304955482e-03 8.517566311638802290e-05 3.106226795352995396e-04
5.849000000000000000e+03 -3.423560000000000000e+05 -8.029500000000000000e+04 3.640371374785900116e-03 1.162397558800876141e-03 2.600134466774761677e-04 2.356989716645330191e-04
6.951000000000000000e+03 -3.423580000000000000e+05 -8.028700000000000000e+04 1.901798765175044537e-03 1.190967042930424213e-03 5.869009328307583928e-05 5.390477599576115608e-04
7.903000000000000000e+03 -3.423620000000000000e+05 -8.028700000000000000e+04 8.241563919000327587e-04 1.395648578181862831e-03 1.980218366952612996e-04 1.488853013142943382e-04
9.038000000000000000e+03 -3.423590000000000000e+05 -8.029600000000000000e+04 5.298590986058115959e-04 1.257042400538921356e-03 2.670403919182717800e-04 4.427812818903476000e-04
-1.205700000000000000e+04 -3.415150000000000000e+05 -8.028900000000000000e+04 1.403229087591171265e-01 5.997163243591785431e-04 2.591532247606664896e-04 2.566422626841813326e-04
-1.095000000000000000e+04 -3.414730000000000000e+05 -8.029100000000000000e+04 1.470207422971725464e-01 8.565092575736343861e-04 2.812038292177021503e-04 5.743202200392261147e-05
-9.967000000000000000e+03 -3.414730000000000000e+05 -8.027300000000000000e+04 1.535802036523818970e-01 1.640517613850533962e-03 2.693892747629433870e-04 4.910224233753979206e-04
-8.878000000000000000e+03 -3.414870000000000000e+05 -8.028800000000000000e+04 1.541293561458587646e-01 2.524763112887740135e-03 1.152820303104817867e-03 2.194098924519494176e-04
-7.753000000000000000e+03 -3.414730000000000000e+05 -8.028900000000000000e+04 1.486366391181945801e-01 3.639746457338333130e-03 7.891380228102207184e-04 2.361483348067849874e-04
-6.849000000000000000e+03 -3.414770000000000000e+05 -8.029100000000000000e+04 1.380899697542190552e-01 4.404676146805286407e-03 8.298754692077636719e-04 1.998953666770830750e-04
-5.754000000000000000e+03 -3.414790000000000000e+05 -8.031000000000000000e+04 1.216181889176368713e-01 6.368504837155342102e-03 8.753525908105075359e-04 3.175964811816811562e-04
-4.693000000000000000e+03 -3.414900000000000000e+05 -8.028500000000000000e+04 9.926219284534454346e-02 7.921668700873851776e-03 1.897193607874214649e-03 4.389720561448484659e-04
-3.538000000000000000e+03 -3.414900000000000000e+05 -8.029700000000000000e+04 7.255874574184417725e-02 1.027584634721279144e-02 1.790049020200967789e-03 2.124616148648783565e-04
-2.527000000000000000e+03 -3.414560000000000000e+05 -8.029100000000000000e+04 4.514010995626449585e-02 1.160019915550947189e-02 1.562436693347990513e-03 3.144759975839406252e-04
-1.445000000000000000e+03 -3.414580000000000000e+05 -8.029100000000000000e+04 2.179758995771408081e-02 1.192742865532636642e-02 2.156158210709691048e-03 3.908624930772930384e-04
-3.330000000000000000e+02 -3.414580000000000000e+05 -8.028400000000000000e+04 3.352461615577340126e-03 1.025776658207178116e-02 1.490328577347099781e-03 5.613130051642656326e-04
6.060000000000000000e+02 -3.414500000000000000e+05 -8.029000000000000000e+04 7.923866622149944305e-03 8.305442519485950470e-03 9.165650699287652969e-04 1.902183576021343470e-04
1.665000000000000000e+03 -3.414480000000000000e+05 -8.029100000000000000e+04 1.356455311179161072e-02 5.497478879988193512e-03 6.249378202483057976e-04 4.098062345292419195e-04
2.710000000000000000e+03 -3.414580000000000000e+05 -8.029100000000000000e+04 1.408126670867204666e-02 4.389414098113775253e-03 8.104662410914897919e-04 3.030116786248981953e-04
3.798000000000000000e+03 -3.414460000000000000e+05 -8.029400000000000000e+04 1.273329649120569229e-02 3.097301349043846130e-03 3.301753313280642033e-04 3.209952556062489748e-04
4.820000000000000000e+03 -3.414600000000000000e+05 -8.029000000000000000e+04 9.642506949603557587e-03 1.714073237963020802e-03 3.114984137937426567e-04 6.717741780448704958e-05
5.904000000000000000e+03 -3.414560000000000000e+05 -8.028700000000000000e+04 5.805456079542636871e-03 1.661025569774210453e-03 4.471579450182616711e-04 5.021155811846256256e-04
6.982000000000000000e+03 -3.413660000000000000e+05 -8.028900000000000000e+04 3.141333349049091339e-03 1.770796137861907482e-03 2.171114902012050152e-04 5.276833544485270977e-04
7.970000000000000000e+03 -3.414670000000000000e+05 -8.029000000000000000e+04 2.183624077588319778e-03 2.000356791540980339e-03 1.450922427466139197e-04 3.644223615992814302e-04
9.011000000000000000e+03 -3.414670000000000000e+05 -8.028900000000000000e+04 8.430242305621504784e-04 2.098019467666745186e-03 8.214974077418446541e-04 4.216413944959640503e-04
-1.197700000000000000e+04 -3.404610000000000000e+05 -8.030100000000000000e+04 1.312950253486633301e-01 2.893270284403115511e-04 7.665362209081649780e-04 2.407903666608035564e-04
-1.097000000000000000e+04 -3.404090000000000000e+05 -8.029300000000000000e+04 1.403678208589553833e-01 1.046532066538929939e-03 4.847804666496813297e-04 3.435309336055070162e-04
-9.825000000000000000e+03 -3.404360000000000000e+05 -8.029200000000000000e+04 1.483052670955657959e-01 2.236756263300776482e-03 4.268999327905476093e-04 1.966119452845305204e-04
-8.817000000000000000e+03 -3.404290000000000000e+05 -8.028900000000000000e+04 1.487974375486373901e-01 3.361893352121114731e-03 5.059689865447580814e-04 3.184349625371396542e-04
-7.732000000000000000e+03 -3.404080000000000000e+05 -8.028900000000000000e+04 1.426684260368347168e-01 4.551608115434646606e-03 5.151231889612972736e-04 6.416375399567186832e-04
-6.718000000000000000e+03 -3.404170000000000000e+05 -8.028900000000000000e+04 1.311226338148117065e-01 5.901796743273735046e-03 1.672946498729288578e-03 3.394413506612181664e-04
-5.691000000000000000e+03 -3.403960000000000000e+05 -8.029100000000000000e+04 1.109594106674194336e-01 8.376886136829853058e-03 2.041972707957029343e-03 4.347262438386678696e-04
-4.720000000000000000e+03 -3.403910000000000000e+05 -8.027000000000000000e+04 8.846051245927810669e-02 1.030427776277065277e-02 1.317119575105607510e-03 3.313178604003041983e-04
-3.617000000000000000e+03 -3.403860000000000000e+05 -8.029900000000000000e+04 6.008101627230644226e-02 1.243061106652021408e-02 1.719457213766872883e-03 3.474080003798007965e-04
-2.522000000000000000e+03 -3.403880000000000000e+05 -8.029600000000000000e+04 3.342022746801376343e-02 1.390371285378932953e-02 2.704471349716186523e-03 1.147864459198899567e-04
-1.456000000000000000e+03 -3.403890000000000000e+05 -8.029100000000000000e+04 1.211616955697536469e-02 1.505853608250617981e-02 1.975881168618798256e-03 3.012417873833328485e-04
-5.380000000000000000e+02 -3.403880000000000000e+05 -8.028000000000000000e+04 1.487720583099871874e-04 1.361595280468463898e-02 1.978519139811396599e-03 3.039190196432173252e-04
5.710000000000000000e+02 -3.403890000000000000e+05 -8.029200000000000000e+04 9.880774654448032379e-03 1.060741953551769257e-02 1.254693372175097466e-03 5.144912865944206715e-04
1.611000000000000000e+03 -3.403320000000000000e+05 -8.029400000000000000e+04 1.537109911441802979e-02 7.937295362353324890e-03 1.055704429745674133e-03 2.649204398039728403e-04
2.715000000000000000e+03 -3.403990000000000000e+05 -8.029000000000000000e+04 1.646065898239612579e-02 5.722795147448778152e-03 4.419636679813265800e-04 3.505052882246673107e-04
3.760000000000000000e+03 -3.403990000000000000e+05 -8.029200000000000000e+04 1.538737677037715912e-02 4.200502764433622360e-03 7.177826482802629471e-04 2.861557004507631063e-04
4.752000000000000000e+03 -3.403940000000000000e+05 -8.028000000000000000e+04 1.364091318100690842e-02 3.300161333754658699e-03 5.251340917311608791e-04 4.167293373029679060e-04
5.772000000000000000e+03 -3.403940000000000000e+05 -8.030000000000000000e+04 1.004171371459960938e-02 2.829859266057610512e-03 3.856027906294912100e-04 5.191580858081579208e-04
6.873000000000000000e+03 -3.404020000000000000e+05 -8.029800000000000000e+04 5.743421614170074463e-03 2.721358789131045341e-03 2.184998011216521263e-04 2.474358770996332169e-04
7.989000000000000000e+03 -3.404040000000000000e+05 -8.029100000000000000e+04 3.575690789148211479e-03 2.195067936554551125e-03 5.838670767843723297e-04 1.233369985129684210e-04
8.978000000000000000e+03 -3.404050000000000000e+05 -8.028300000000000000e+04 2.231867751106619835e-03 2.521944465115666389e-03 2.667812805157154799e-04 1.246266037924215198e-04
-1.204400000000000000e+04 -3.393680000000000000e+05 -8.025200000000000000e+04 1.003183797001838684e-01 2.212348772445693612e-04 4.252742510288953781e-04 2.779246424324810505e-04
-1.105400000000000000e+04 -3.393300000000000000e+05 -8.027800000000000000e+04 1.129650548100471497e-01 6.976340082474052906e-04 2.134153473889455199e-04 5.180707084946334362e-04
-9.946000000000000000e+03 -3.393260000000000000e+05 -8.028500000000000000e+04 1.242616474628448486e-01 1.543056103400886059e-03 2.781346556730568409e-04 2.253687562188133597e-04
-8.880000000000000000e+03 -3.393360000000000000e+05 -8.028000000000000000e+04 1.297141313552856445e-01 2.763543045148253441e-03 7.376425201073288918e-04 4.711674700956791639e-04
-7.786000000000000000e+03 -3.393410000000000000e+05 -8.028400000000000000e+04 1.256724745035171509e-01 4.035745747387409210e-03 7.918873452581465244e-04 5.216731224209070206e-04
-6.784000000000000000e+03 -3.392920000000000000e+05 -8.028500000000000000e+04 1.150666773319244385e-01 6.057759746909141541e-03 4.646421584766358137e-04 1.863649376900866628e-04
-5.648000000000000000e+03 -3.393480000000000000e+05 -8.028200000000000000e+04 9.658356755971908569e-02 8.541298098862171173e-03 5.339150084182620049e-04 4.684672749135643244e-04
-4.707000000000000000e+03 -3.393470000000000000e+05 -8.028700000000000000e+04 7.576764374971389771e-02 1.051936112344264984e-02 1.578405383042991161e-03 8.573993691243231297e-04
-3.626000000000000000e+03 -3.393480000000000000e+05 -8.027100000000000000e+04 4.647704958915710449e-02 1.287689805030822754e-02 1.666109776124358177e-03 5.778785562142729759e-04
-2.529000000000000000e+03 -3.393510000000000000e+05 -8.028200000000000000e+04 1.573229208588600159e-02 1.504173502326011658e-02 1.948491204530000687e-03 5.405208212323486805e-04
-1.580000000000000000e+03 -3.393470000000000000e+05 -8.028000000000000000e+04 4.166496917605400085e-03 1.682629622519016266e-02 2.014053752645850182e-03 4.743824247270822525e-04
-4.000000000000000000e+02 -3.393530000000000000e+05 -8.028200000000000000e+04 1.751008629798889160e-02 1.581557467579841614e-02 2.279786625877022743e-03 5.645524943247437477e-04
6.600000000000000000e+02 -3.393520000000000000e+05 -8.027900000000000000e+04 2.247211523354053497e-02 1.363266818225383759e-02 1.357500790618360043e-03 5.031693726778030396e-04
1.601000000000000000e+03 -3.393690000000000000e+05 -8.027600000000000000e+04 2.136056311428546906e-02 9.642687626183032990e-03 1.012289081700146198e-03 1.714512036414816976e-04
2.698000000000000000e+03 -3.393480000000000000e+05 -8.028400000000000000e+04 2.288283966481685638e-02 6.739257834851741791e-03 7.017896859906613827e-04 6.041528104105964303e-05
3.782000000000000000e+03 -3.393580000000000000e+05 -8.028200000000000000e+04 2.125416137278079987e-02 4.782660864293575287e-03 2.044129796558991075e-04 2.994250389747321606e-04
4.808000000000000000e+03 -3.393410000000000000e+05 -8.028500000000000000e+04 1.796219870448112488e-02 4.003422334790229797e-03 4.364095802884548903e-04 3.231187583878636360e-04
5.876000000000000000e+03 -3.393590000000000000e+05 -8.028100000000000000e+04 1.493860781192779541e-02 3.252216847613453865e-03 6.117576267570257187e-04 1.943904790095984936e-04
6.949000000000000000e+03 -3.393470000000000000e+05 -8.028000000000000000e+04 9.692236781120300293e-03 3.271113848313689232e-03 1.118491985835134983e-03 3.167277609463781118e-04
7.921000000000000000e+03 -3.393590000000000000e+05 -8.027200000000000000e+04 5.713689140975475311e-03 2.491346094757318497e-03 5.953182117082178593e-04 5.778604536317288876e-04
9.081000000000000000e+03 -3.393510000000000000e+05 -8.027900000000000000e+04 2.665095031261444092e-03 2.657027682289481163e-03 5.087977624498307705e-04 3.015911497641354799e-04
-1.199900000000000000e+04 -3.383200000000000000e+05 -8.027600000000000000e+04 7.098342478275299072e-02 3.659514768514782190e-04 6.307601142907515168e-05 3.869143256451934576e-04
-1.095700000000000000e+04 -3.382340000000000000e+05 -8.028100000000000000e+04 7.998330891132354736e-02 9.680145885795354843e-04 2.073639188893139362e-04 6.326078437268733978e-04
-9.866000000000000000e+03 -3.382650000000000000e+05 -8.028600000000000000e+04 9.082951396703720093e-02 1.081632333807647228e-03 6.974558345973491669e-04 2.145811449736356735e-04
-8.855000000000000000e+03 -3.382870000000000000e+05 -8.028800000000000000e+04 9.393788129091262817e-02 2.242189366370439529e-03 6.703418912366032600e-04 6.755552603863179684e-04
-7.839000000000000000e+03 -3.382940000000000000e+05 -8.031900000000000000e+04 9.155380725860595703e-02 3.352645086124539375e-03 5.502206622622907162e-04 3.223318199161440134e-04
-6.800000000000000000e+03 -3.382510000000000000e+05 -8.027200000000000000e+04 8.368465304374694824e-02 4.604745656251907349e-03 3.610419807955622673e-04 3.078139852732419968e-04
-5.644000000000000000e+03 -3.382980000000000000e+05 -8.028300000000000000e+04 6.967178732156753540e-02 6.428640801459550858e-03 5.476933438330888748e-04 5.341574433259665966e-04
-4.734000000000000000e+03 -3.383010000000000000e+05 -8.027900000000000000e+04 5.321081727743148804e-02 9.065455757081508636e-03 9.554680436849594116e-04 4.333948891144245863e-04
-3.589000000000000000e+03 -3.382390000000000000e+05 -8.026700000000000000e+04 2.916010282933712006e-02 1.166901364922523499e-02 1.507349661551415920e-03 2.696484443731606007e-04
-2.566000000000000000e+03 -3.383010000000000000e+05 -8.028200000000000000e+04 3.708191215991973877e-03 1.306911930441856384e-02 1.769134309142827988e-03 4.382143088150769472e-04
-1.585000000000000000e+03 -3.382970000000000000e+05 -8.025400000000000000e+04 1.567193120718002319e-02 1.436673756688833237e-02 1.419546548277139664e-03 1.074903047992847860e-04
-5.160000000000000000e+02 -3.383030000000000000e+05 -8.031000000000000000e+04 2.900957316160202026e-02 1.446361839771270752e-02 1.830696943216025829e-03 2.596810227259993553e-04
5.550000000000000000e+02 -3.383050000000000000e+05 -8.028800000000000000e+04 3.346638381481170654e-02 1.270818430930376053e-02 1.466036657802760601e-03 5.728009273298084736e-04
1.590000000000000000e+03 -3.382620000000000000e+05 -8.027200000000000000e+04 3.292849287390708923e-02 1.021225564181804657e-02 9.592871647328138351e-04 3.115202416665852070e-04
2.652000000000000000e+03 -3.383070000000000000e+05 -8.029100000000000000e+04 2.865837514400482178e-02 7.085063494741916656e-03 7.589201559312641621e-04 2.711518027354031801e-04
3.700000000000000000e+03 -3.383080000000000000e+05 -8.028700000000000000e+04 2.500145323574542999e-02 4.348281305283308029e-03 7.738908170722424984e-04 2.531220379751175642e-04
4.879000000000000000e+03 -3.383100000000000000e+05 -8.028900000000000000e+04 2.088617905974388123e-02 3.139537759125232697e-03 3.273993206676095724e-04 4.832627309951931238e-04
5.911000000000000000e+03 -3.383110000000000000e+05 -8.028400000000000000e+04 1.652416214346885681e-02 2.843770198523998260e-03 3.079188172705471516e-04 1.673866354394704103e-04
6.918000000000000000e+03 -3.383110000000000000e+05 -8.028200000000000000e+04 1.149597670882940292e-02 2.341246465221047401e-03 1.343893964076414704e-04 1.757182762958109379e-04
7.973000000000000000e+03 -3.382510000000000000e+05 -8.028800000000000000e+04 7.170106284320354462e-03 2.180096227675676346e-03 8.495260262861847878e-04 2.257332234876230359e-04
8.980000000000000000e+03 -3.383140000000000000e+05 -8.028900000000000000e+04 3.504865337163209915e-03 2.229087054729461670e-03 4.651991475839167833e-04 2.356084150960668921e-04
-1.191100000000000000e+04 -3.373300000000000000e+05 -8.028400000000000000e+04 5.738070979714393616e-02 7.789673400111496449e-04 5.442657275125384331e-04 4.092692688573151827e-04
-1.088600000000000000e+04 -3.372720000000000000e+05 -8.028700000000000000e+04 6.362089514732360840e-02 7.216616068035364151e-04 7.104318356141448021e-04 3.886690828949213028e-04
-9.889000000000000000e+03 -3.372900000000000000e+05 -8.028400000000000000e+04 6.681296229362487793e-02 1.583167002536356449e-03 2.032806951319798827e-04 2.855951606761664152e-04
-8.877000000000000000e+03 -3.372370000000000000e+05 -8.029500000000000000e+04 6.540691852569580078e-02 2.065510721877217293e-03 2.164310717489570379e-04 4.470084095373749733e-04
-7.869000000000000000e+03 -3.372330000000000000e+05 -8.029700000000000000e+04 5.993341654539108276e-02 2.762801013886928558e-03 7.077070767991244793e-04 7.215380319394171238e-04
-6.756000000000000000e+03 -3.372330000000000000e+05 -8.029600000000000000e+04 5.032154917716979980e-02 3.611082211136817932e-03 3.258261131122708321e-04 3.024353354703634977e-04
-5.725000000000000000e+03 -3.371990000000000000e+05 -8.030800000000000000e+04 4.017692059278488159e-02 5.015871021896600723e-03 1.378529123030602932e-04 5.343482480384409428e-04
-4.643000000000000000e+03 -3.371790000000000000e+05 -8.028400000000000000e+04 2.746830135583877563e-02 6.841151509433984756e-03 9.363661520183086395e-04 6.671582814306020737e-04
-3.616000000000000000e+03 -3.371580000000000000e+05 -8.028800000000000000e+04 1.172431558370590210e-02 8.165663108229637146e-03 1.117640640586614609e-03 6.234437460079789162e-04
-2.496000000000000000e+03 -3.372320000000000000e+05 -8.028500000000000000e+04 8.767629042267799377e-03 9.947155602276325226e-03 1.256975228898227215e-03 1.726733753457665443e-04
-1.483000000000000000e+03 -3.372330000000000000e+05 -8.029100000000000000e+04 2.526468038558959961e-02 1.048982609063386917e-02 1.167530426755547523e-03 3.103307390119880438e-04
-4.960000000000000000e+02 -3.372340000000000000e+05 -8.028300000000000000e+04 3.300920873880386353e-02 1.042009424418210983e-02 1.419470179826021194e-03 1.635063381399959326e-04
5.720000000000000000e+02 -3.372350000000000000e+05 -8.028200000000000000e+04 3.746316209435462952e-02 9.800114668905735016e-03 7.710104691796004772e-04 2.893157361540943384e-04
1.721000000000000000e+03 -3.372350000000000000e+05 -8.028700000000000000e+04 3.467498719692230225e-02 7.855632342398166656e-03 6.520381430163979530e-04 6.331183831207454205e-04
2.756000000000000000e+03 -3.372380000000000000e+05 -8.028800000000000000e+04 3.132032603025436401e-02 5.745153408497571945e-03 3.738274972420185804e-04 2.217377477791160345e-04
3.804000000000000000e+03 -3.372390000000000000e+05 -8.028800000000000000e+04 2.613849006593227386e-02 4.056804813444614410e-03 5.159093998372554779e-04 4.153615736868232489e-04
4.794000000000000000e+03 -3.372420000000000000e+05 -8.028600000000000000e+04 2.135100401937961578e-02 2.946253865957260132e-03 8.641644672024995089e-05 2.391045563854277134e-05
5.864000000000000000e+03 -3.372400000000000000e+05 -8.028600000000000000e+04 1.694258302450180054e-02 2.254502382129430771e-03 2.173390239477157593e-04 9.473860845901072025e-04
6.892000000000000000e+03 -3.372420000000000000e+05 -8.028700000000000000e+04 1.192670408636331558e-02 2.238064305856823921e-03 6.219771457836031914e-04 2.750612911768257618e-04
7.937000000000000000e+03 -3.371890000000000000e+05 -8.029100000000000000e+04 6.934675388038158417e-03 2.090996596962213516e-03 9.601542842574417591e-05 3.387317119631916285e-04
8.973000000000000000e+03 -3.372440000000000000e+05 -8.029400000000000000e+04 3.560333279892802238e-03 1.753794611431658268e-03 2.746504906099289656e-04 3.359088732395321131e-04
-1.190400000000000000e+04 -3.360650000000000000e+05 -8.028900000000000000e+04 5.930764973163604736e-02 7.662801654078066349e-04 5.214354605413973331e-04 4.323725079302676022e-05
-1.094300000000000000e+04 -3.360770000000000000e+05 -8.028900000000000000e+04 6.405399739742279053e-02 1.123715075664222240e-03 1.016610331134870648e-04 9.560424950905144215e-05
-9.874000000000000000e+03 -3.361060000000000000e+05 -8.029700000000000000e+04 6.424577534198760986e-02 1.736660953611135483e-03 3.401130379643291235e-04 5.770581774413585663e-04
-8.814000000000000000e+03 -3.360690000000000000e+05 -8.028800000000000000e+04 5.878383666276931763e-02 2.109574852511286736e-03 1.214022704516537488e-04 6.107650115154683590e-04
-7.782000000000000000e+03 -3.360720000000000000e+05 -8.029700000000000000e+04 4.937287792563438416e-02 2.977850148454308510e-03 4.871496639680117369e-04 1.941973314387723804e-04
-6.760000000000000000e+03 -3.361230000000000000e+05 -8.027400000000000000e+04 3.730399906635284424e-02 3.183340188115835190e-03 1.725635956972837448e-04 2.669267123565077782e-04
-5.718000000000000000e+03 -3.360770000000000000e+05 -8.028900000000000000e+04 2.447685599327087402e-02 3.880388103425502777e-03 3.335016081109642982e-04 4.917501355521380901e-04
-4.649000000000000000e+03 -3.361330000000000000e+05 -8.029000000000000000e+04 1.116308476775884628e-02 4.850488621741533279e-03 6.639303755946457386e-04 4.370775059214793146e-05
-3.560000000000000000e+03 -3.361230000000000000e+05 -8.028900000000000000e+04 3.242841921746730804e-03 6.273356266319751740e-03 6.284731207415461540e-04 8.648621587781235576e-05
-2.502000000000000000e+03 -3.361400000000000000e+05 -8.028900000000000000e+04 1.722902990877628326e-02 7.413384504616260529e-03 8.328427793458104134e-04 5.681056063622236252e-04
-1.555000000000000000e+03 -3.361400000000000000e+05 -8.028100000000000000e+04 2.721299603581428528e-02 7.325334008783102036e-03 1.300569856539368629e-04 8.852381142787635326e-05
-4.610000000000000000e+02 -3.361360000000000000e+05 -8.028800000000000000e+04 3.550397604703903198e-02 6.970628164708614349e-03 1.017601694911718369e-03 5.660986644215881824e-04
6.490000000000000000e+02 -3.361410000000000000e+05 -8.028700000000000000e+04 3.724671527743339539e-02 6.601296830922365189e-03 5.761298816651105881e-04 3.456615668255835772e-04
1.560000000000000000e+03 -3.360970000000000000e+05 -8.029800000000000000e+04 3.500095754861831665e-02 5.445705261081457138e-03 6.382113206200301647e-04 5.234911222942173481e-04
2.695000000000000000e+03 -3.361040000000000000e+05 -8.028900000000000000e+04 3.056998364627361298e-02 4.396460019052028656e-03 2.770942519418895245e-04 9.025313192978501320e-04
3.683000000000000000e+03 -3.360990000000000000e+05 -8.026500000000000000e+04 2.534725144505500793e-02 3.503390122205018997e-03 1.570129825267940760e-04 1.909294369397684932e-04
4.709000000000000000e+03 -3.361190000000000000e+05 -8.030600000000000000e+04 2.011460997164249420e-02 2.838912187144160271e-03 4.461635544430464506e-04 3.078535082750022411e-04
5.833000000000000000e+03 -3.361130000000000000e+05 -8.028900000000000000e+04 1.401284709572792053e-02 1.981330337002873421e-03 1.587681326782330871e-04 4.031588614452630281e-04
6.873000000000000000e+03 -3.361530000000000000e+05 -8.029400000000000000e+04 1.086608599871397018e-02 1.531077083200216293e-03 7.921811193227767944e-04 4.343985638115555048e-04
7.926000000000000000e+03 -3.361020000000000000e+05 -8.029100000000000000e+04 7.515002973377704620e-03 1.897424925118684769e-03 6.943307816982269287e-04 6.646468536928296089e-04
9.014000000000000000e+03 -3.361120000000000000e+05 -8.028700000000000000e+04 4.382832907140254974e-03 1.251667621545493603e-03 8.751061977818608284e-04 2.996053663082420826e-04
-1.190300000000000000e+04 -3.350880000000000000e+05 -8.029100000000000000e+04 6.732120364904403687e-02 5.365671240724623203e-04 3.050442028325051069e-04 2.748385886661708355e-04
-1.098200000000000000e+04 -3.350160000000000000e+05 -8.029800000000000000e+04 7.254179567098617554e-02 1.096166321076452732e-03 3.724845591932535172e-04 1.841106713982298970e-04
-9.983000000000000000e+03 -3.350240000000000000e+05 -8.027700000000000000e+04 7.299684733152389526e-02 1.430919743143022060e-03 4.563867405522614717e-04 3.124405920971184969e-04
-8.853000000000000000e+03 -3.349350000000000000e+05 -8.028900000000000000e+04 6.924833357334136963e-02 2.014619298279285431e-03 4.343250766396522522e-04 2.801590308081358671e-04
-7.809000000000000000e+03 -3.349540000000000000e+05 -8.028600000000000000e+04 5.878086388111114502e-02 1.797003205865621567e-03 5.162611487321555614e-04 2.131040964741259813e-04
-6.776000000000000000e+03 -3.349620000000000000e+05 -8.028700000000000000e+04 4.569277167320251465e-02 2.787889447063207626e-03 8.811789448373019695e-04 7.004592334851622581e-04
-5.768000000000000000e+03 -3.349640000000000000e+05 -8.029300000000000000e+04 3.153967484831809998e-02 3.227143781259655952e-03 5.322596407495439053e-04 4.543985414784401655e-04
-4.696000000000000000e+03 -3.349650000000000000e+05 -8.028800000000000000e+04 1.431019324809312820e-02 3.902096068486571312e-03 2.405247214483097196e-04 1.633839710848405957e-04
-3.510000000000000000e+03 -3.349670000000000000e+05 -8.029400000000000000e+04 1.891907886601984501e-03 4.101047292351722717e-03 2.999548742081969976e-04 4.480275092646479607e-04
-2.488000000000000000e+03 -3.349690000000000000e+05 -8.028900000000000000e+04 1.519842818379402161e-02 5.337371025234460831e-03 7.785300840623676777e-04 1.721740845823660493e-04
-1.457000000000000000e+03 -3.349710000000000000e+05 -8.028500000000000000e+04 2.600714936852455139e-02 5.010338500142097473e-03 4.646907327696681023e-04 1.804292551241815090e-04
-5.050000000000000000e+02 -3.349730000000000000e+05 -8.028200000000000000e+04 3.254909068346023560e-02 5.241729319095611572e-03 5.349700222723186016e-04 4.086761036887764931e-04
6.320000000000000000e+02 -3.349730000000000000e+05 -8.028800000000000000e+04 3.464929386973381042e-02 4.891940392553806305e-03 7.004991057328879833e-04 2.629509835969656706e-04
1.680000000000000000e+03 -3.349760000000000000e+05 -8.029300000000000000e+04 3.382845222949981689e-02 3.912819549441337585e-03 4.416121519170701504e-04 3.410096687730401754e-04
2.730000000000000000e+03 -3.349770000000000000e+05 -8.028700000000000000e+04 2.935729734599590302e-02 3.038965165615081787e-03 1.356351422145962715e-04 1.255453244084492326e-04
3.799000000000000000e+03 -3.349790000000000000e+05 -8.028900000000000000e+04 2.355042845010757446e-02 2.639750717207789421e-03 6.406418397091329098e-04 5.280713085085153580e-04
4.800000000000000000e+03 -3.349780000000000000e+05 -8.029100000000000000e+04 1.801666058599948883e-02 2.085680607706308365e-03 3.599768097046762705e-04 1.741418673191219568e-04
5.885000000000000000e+03 -3.349800000000000000e+05 -8.028900000000000000e+04 1.215888839215040207e-02 1.414601574651896954e-03 3.791586495935916901e-04 2.060414408333599567e-04
6.949000000000000000e+03 -3.349820000000000000e+05 -8.028900000000000000e+04 7.715724874287843704e-03 1.448795781470835209e-03 8.095665834844112396e-04 2.552665537223219872e-04
7.820000000000000000e+03 -3.349810000000000000e+05 -8.029300000000000000e+04 5.526216235011816025e-03 1.720012049190700054e-03 7.721233414486050606e-04 3.385735326446592808e-04
8.981000000000000000e+03 -3.349820000000000000e+05 -8.028100000000000000e+04 3.632144536823034286e-03 1.418377622030675411e-03 6.097826990298926830e-04 3.493698313832283020e-04
-1.190400000000000000e+04 -3.339850000000000000e+05 -8.029400000000000000e+04 6.713567674160003662e-02 5.232515468378551304e-05 5.634118570014834404e-04 1.773408730514347553e-04
-1.094400000000000000e+04 -3.340140000000000000e+05 -8.029300000000000000e+04 7.347669452428817749e-02 4.432184796314686537e-04 5.604483885690569878e-04 2.672262780833989382e-04
-9.857000000000000000e+03 -3.340290000000000000e+05 -8.029500000000000000e+04 7.597362995147705078e-02 1.056280918419361115e-03 2.261164772789925337e-04 4.097576602362096310e-04
-8.832000000000000000e+03 -3.339760000000000000e+05 -8.029300000000000000e+04 7.416450232267379761e-02 1.553230220451951027e-03 9.422959556104615331e-05 8.019562665140256286e-05
-7.802000000000000000e+03 -3.340370000000000000e+05 -8.030200000000000000e+04 6.590702384710311890e-02 1.399374101310968399e-03 1.398516615154221654e-04 3.924422780983150005e-04
-6.670000000000000000e+03 -3.340310000000000000e+05 -8.028900000000000000e+04 5.357856303453445435e-02 2.022606553509831429e-03 5.696879234164953232e-04 5.520004197023808956e-04
-5.751000000000000000e+03 -3.340290000000000000e+05 -8.030100000000000000e+04 4.085285216569900513e-02 2.346042543649673462e-03 2.730613050516694784e-04 4.401737533044070005e-04
-4.648000000000000000e+03 -3.340380000000000000e+05 -8.028900000000000000e+04 2.344491705298423767e-02 2.727399813011288643e-03 6.316896760836243629e-04 4.087545967195183039e-04
-3.617000000000000000e+03 -3.340420000000000000e+05 -8.029200000000000000e+04 9.436034597456455231e-03 3.347952850162982941e-03 7.880092016421258450e-04 3.035957925021648407e-04
-2.522000000000000000e+03 -3.340460000000000000e+05 -8.028800000000000000e+04 5.371792241930961609e-03 3.739455249160528183e-03 5.729313706979155540e-04 4.797738511115312576e-04
-1.458000000000000000e+03 -3.340490000000000000e+05 -8.028900000000000000e+04 1.731487549841403961e-02 3.424406051635742188e-03 4.892533179372549057e-04 2.293024735990911722e-04
-5.220000000000000000e+02 -3.340470000000000000e+05 -8.027700000000000000e+04 2.574847824871540070e-02 3.822593484073877335e-03 3.534996067173779011e-04 9.731983300298452377e-05
6.260000000000000000e+02 -3.340390000000000000e+05 -8.029300000000000000e+04 3.034230880439281464e-02 3.133606398478150368e-03 3.342831041663885117e-04 3.686472482513636351e-04
1.663000000000000000e+03 -3.340410000000000000e+05 -8.029300000000000000e+04 2.992205694317817688e-02 2.908504800871014595e-03 2.757202892098575830e-04 3.335356304887682199e-04
2.749000000000000000e+03 -3.340420000000000000e+05 -8.029400000000000000e+04 2.671488560736179352e-02 2.122223610058426857e-03 2.988170890603214502e-04 3.957153821829706430e-04
3.803000000000000000e+03 -3.340590000000000000e+05 -8.029100000000000000e+04 2.169093303382396698e-02 1.651719212532043457e-03 4.386069485917687416e-04 2.059219259535893798e-04
4.821000000000000000e+03 -3.340560000000000000e+05 -8.028900000000000000e+04 1.551348995417356491e-02 1.201131846755743027e-03 2.872968907468020916e-04 2.414046321064233780e-04
5.874000000000000000e+03 -3.340480000000000000e+05 -8.029300000000000000e+04 9.515435434877872467e-03 9.212889126501977444e-04 4.310355288907885551e-04 7.368145452346652746e-05
6.850000000000000000e+03 -3.340570000000000000e+05 -8.027900000000000000e+04 5.451562348753213882e-03 3.853395464830100536e-04 7.618486997671425343e-04 3.071266983170062304e-04
7.883000000000000000e+03 -3.340520000000000000e+05 -8.029300000000000000e+04 2.154615242034196854e-03 8.335759048350155354e-04 7.903555524535477161e-04 1.001268756226636469e-04
8.960000000000000000e+03 -3.340610000000000000e+05 -8.029400000000000000e+04 1.935226260684430599e-03 1.012863591313362122e-03 6.303507834672927856e-04 2.082332939608022571e-04
-1.200500000000000000e+04 -3.330340000000000000e+05 -8.029800000000000000e+04 6.012561544775962830e-02 1.848775282269343734e-04 3.998825559392571449e-04 1.370554964523762465e-04
-1.094200000000000000e+04 -3.328880000000000000e+05 -8.029500000000000000e+04 6.540964543819427490e-02 3.183922963216900826e-04 2.697698364499956369e-04 3.439922293182462454e-04
-9.872000000000000000e+03 -3.328830000000000000e+05 -8.030100000000000000e+04 7.082089036703109741e-02 2.061554841930046678e-04 1.544238766655325890e-04 9.168255928670987487e-05
-8.870000000000000000e+03 -3.328930000000000000e+05 -8.028800000000000000e+04 6.997484713792800903e-02 5.378866917453706264e-04 5.294028669595718384e-04 1.220204212586395442e-04
-7.879000000000000000e+03 -3.328950000000000000e+05 -8.031500000000000000e+04 6.531775742769241333e-02 1.073503633961081505e-03 3.274309274274855852e-04 4.221089766360819340e-04
-6.809000000000000000e+03 -3.329020000000000000e+05 -8.029900000000000000e+04 5.600397661328315735e-02 1.149488380178809166e-03 5.735440063290297985e-04 2.763303637038916349e-04
-5.733000000000000000e+03 -3.329010000000000000e+05 -8.029100000000000000e+04 4.462608695030212402e-02 2.018935047090053558e-03 3.458567371126264334e-04 4.589996533468365669e-04
-4.670000000000000000e+03 -3.329060000000000000e+05 -8.029600000000000000e+04 3.076248243451118469e-02 1.718812738545238972e-03 5.769713316112756729e-04 2.079362602671608329e-04
-3.598000000000000000e+03 -3.329070000000000000e+05 -8.029100000000000000e+04 1.694690622389316559e-02 2.471896354109048843e-03 2.880014071706682444e-04 3.299611562397330999e-04
-2.495000000000000000e+03 -3.329110000000000000e+05 -8.029200000000000000e+04 4.223505035042762756e-03 2.565694041550159454e-03 3.258359793107956648e-04 5.294251022860407829e-04
-1.490000000000000000e+03 -3.329110000000000000e+05 -8.029400000000000000e+04 6.711831782013177872e-03 2.771368715912103653e-03 1.868261169875040650e-04 2.099991834256798029e-04
-4.660000000000000000e+02 -3.329150000000000000e+05 -8.029500000000000000e+04 1.558072771877050400e-02 2.440039534121751785e-03 5.201551830396056175e-04 1.812391274143010378e-04
6.060000000000000000e+02 -3.329140000000000000e+05 -8.029300000000000000e+04 2.063563466072082520e-02 2.102433238178491592e-03 3.737326478585600853e-04 2.311881689820438623e-04
1.660000000000000000e+03 -3.329120000000000000e+05 -8.029400000000000000e+04 2.184841781854629517e-02 1.463838038034737110e-03 2.965431194752454758e-04 1.900589413708075881e-04
2.706000000000000000e+03 -3.329180000000000000e+05 -8.029200000000000000e+04 2.029787935316562653e-02 1.122672692872583866e-03 6.132358976174145937e-05 2.530438359826803207e-04
3.774000000000000000e+03 -3.329180000000000000e+05 -8.029100000000000000e+04 1.609383709728717804e-02 1.013515284284949303e-03 1.914502645377069712e-04 4.828496312256902456e-04
4.807000000000000000e+03 -3.329170000000000000e+05 -8.029600000000000000e+04 1.186545006930828094e-02 6.167386891320347786e-04 5.145323229953646660e-04 1.024934681481681764e-04
5.889000000000000000e+03 -3.329190000000000000e+05 -8.029100000000000000e+04 6.853008642792701721e-03 2.555223472882062197e-04 3.637469490058720112e-04 2.225870412075892091e-04
6.951000000000000000e+03 -3.329170000000000000e+05 -8.029300000000000000e+04 3.052998567000031471e-03 5.495653022080659866e-04 7.897814502939581871e-04 1.571297907503321767e-04
7.972000000000000000e+03 -3.329190000000000000e+05 -8.029100000000000000e+04 4.269657947588711977e-04 4.405348445288836956e-04 1.267586834728717804e-03 2.933243813458830118e-04
8.901000000000000000e+03 -3.329200000000000000e+05 -8.031700000000000000e+04 3.726649156305938959e-04 7.693880470469594002e-04 7.919846102595329285e-04 5.215454802964814007e-05
-1.203800000000000000e+04 -3.321060000000000000e+05 -8.029500000000000000e+04 5.135286226868629456e-02 3.180711064487695694e-04 2.825848059728741646e-04 4.325967456679791212e-04
-1.096400000000000000e+04 -3.319860000000000000e+05 -8.029300000000000000e+04 5.643267929553985596e-02 2.298351028002798557e-04 1.917990593938156962e-04 4.106517299078404903e-04
-1.003600000000000000e+04 -3.319980000000000000e+05 -8.030700000000000000e+04 5.963825061917304993e-02 1.884284865809604526e-04 3.552859998308122158e-04 2.744144585449248552e-04
-8.866000000000000000e+03 -3.319950000000000000e+05 -8.029500000000000000e+04 6.029954180121421814e-02 3.193063603248447180e-04 3.683719260152429342e-04 5.097650573588907719e-04
-7.753000000000000000e+03 -3.319450000000000000e+05 -8.029600000000000000e+04 5.731117352843284607e-02 4.795080749318003654e-04 1.634884101804345846e-04 1.000887350528500974e-04
-6.760000000000000000e+03 -3.320010000000000000e+05 -8.029300000000000000e+04 5.134085565805435181e-02 7.757247076369822025e-04 9.189513366436585784e-05 1.855501031968742609e-04
-5.631000000000000000e+03 -3.320160000000000000e+05 -8.029800000000000000e+04 4.165600612759590149e-02 1.487121335230767727e-03 2.017441147472709417e-04 1.384490751661360264e-04
-4.712000000000000000e+03 -3.320000000000000000e+05 -8.029100000000000000e+04 3.148094564676284790e-02 1.809516455978155136e-03 5.164231406524777412e-04 3.879517316818237305e-04
-3.627000000000000000e+03 -3.320000000000000000e+05 -8.029500000000000000e+04 2.013162150979042053e-02 1.464406028389930725e-03 4.766387282870709896e-04 1.692967489361763000e-04
-2.648000000000000000e+03 -3.320020000000000000e+05 -8.030000000000000000e+04 1.033048518002033234e-02 2.293868223205208778e-03 1.942962553584948182e-04 3.018942661583423615e-04
-1.606000000000000000e+03 -3.320120000000000000e+05 -8.028200000000000000e+04 5.604731850326061249e-04 1.937785651534795761e-03 2.791521837934851646e-04 3.538728633429855108e-04
-5.150000000000000000e+02 -3.319980000000000000e+05 -8.028800000000000000e+04 6.908586248755455017e-03 1.503299572505056858e-03 7.420385372824966908e-04 7.573716575279831886e-04
5.070000000000000000e+02 -3.319890000000000000e+05 -8.028700000000000000e+04 1.239981409162282944e-02 9.619822958484292030e-04 4.519929061643779278e-04 3.849701315630227327e-04
1.715000000000000000e+03 -3.319950000000000000e+05 -8.028900000000000000e+04 1.442830078303813934e-02 4.253043443895876408e-04 1.912263251142576337e-04 4.604712303262203932e-04
2.606000000000000000e+03 -3.319950000000000000e+05 -8.029400000000000000e+04 1.321754790842533112e-02 4.442807985469698906e-04 2.775851171463727951e-04 7.703529263380914927e-05
3.759000000000000000e+03 -3.319340000000000000e+05 -8.031100000000000000e+04 1.016450859606266022e-02 2.206282661063596606e-04 8.606250048615038395e-04 1.573209156049415469e-04
4.888000000000000000e+03 -3.319170000000000000e+05 -8.029400000000000000e+04 6.272025872021913528e-03 2.096823300234973431e-04 1.552779867779463530e-04 2.146886545233428478e-04
5.880000000000000000e+03 -3.319930000000000000e+05 -8.029600000000000000e+04 3.098524874076247215e-03 4.693129158113151789e-04 4.398414166644215584e-04 4.163580015301704407e-04
6.890000000000000000e+03 -3.320000000000000000e+05 -8.029200000000000000e+04 5.052890628576278687e-04 5.268390523269772530e-04 8.295248262584209442e-04 9.802418935578316450e-05
7.896000000000000000e+03 -3.320000000000000000e+05 -8.028900000000000000e+04 5.065370351076126099e-04 5.650955718010663986e-04 7.421032642014324665e-04 5.608799983747303486e-04
9.014000000000000000e+03 -3.320040000000000000e+05 -8.029000000000000000e+04 5.877206567674875259e-04 6.058620638214051723e-04 6.968887173570692539e-04 6.716933567076921463e-04
-1.206000000000000000e+04 -3.310140000000000000e+05 -8.034000000000000000e+04 4.148291423916816711e-02 1.270341745112091303e-04 2.872599870897829533e-04 1.381507609039545059e-04
-1.090800000000000000e+04 -3.309200000000000000e+05 -8.031500000000000000e+04 4.446745291352272034e-02 4.191769694443792105e-04 2.112238726112991571e-04 1.943733077496290207e-04
-9.888000000000000000e+03 -3.309550000000000000e+05 -8.026700000000000000e+04 4.627621918916702271e-02 2.467693993821740150e-04 6.407655309885740280e-04 5.339302515494637191e-05
-8.795000000000000000e+03 -3.309500000000000000e+05 -8.026900000000000000e+04 4.780617728829383850e-02 2.689023385755717754e-04 1.077107663149945438e-04 3.262588579673320055e-04
-7.831000000000000000e+03 -3.309610000000000000e+05 -8.027200000000000000e+04 4.584585875272750854e-02 5.472688935697078705e-04 2.299633633811026812e-04 3.661600057967007160e-04
-6.760000000000000000e+03 -3.309640000000000000e+05 -8.027000000000000000e+04 4.279426112771034241e-02 7.083301898092031479e-04 3.446775081101804972e-04 4.205266595818102360e-04
-5.704000000000000000e+03 -3.309620000000000000e+05 -8.027700000000000000e+04 3.596234321594238281e-02 7.317607523873448372e-04 7.556290947832167149e-04 5.376538028940558434e-04
-4.663000000000000000e+03 -3.309660000000000000e+05 -8.027700000000000000e+04 2.783306315541267395e-02 1.225669053383171558e-03 2.099340345012024045e-04 3.723382251337170601e-04
-3.623000000000000000e+03 -3.309680000000000000e+05 -8.027700000000000000e+04 1.923283748328685760e-02 8.345122332684695721e-04 5.681504844687879086e-04 2.134758979082107544e-04
-2.577000000000000000e+03 -3.309660000000000000e+05 -8.026700000000000000e+04 1.121639553457498550e-02 1.194552634842693806e-03 1.971010497072711587e-04 2.215969434473663568e-04
-1.482000000000000000e+03 -3.309680000000000000e+05 -8.025100000000000000e+04 4.073142074048519135e-03 1.025064033456146717e-03 3.688209108076989651e-04 1.535844348836690187e-04
-3.810000000000000000e+02 -3.309680000000000000e+05 -8.027700000000000000e+04 2.432762645184993744e-03 6.683492101728916168e-04 4.484070814214646816e-04 5.695883883163332939e-04
6.810000000000000000e+02 -3.309710000000000000e+05 -8.027200000000000000e+04 6.058846600353717804e-03 4.637204983737319708e-04 5.466165021061897278e-04 2.980451099574565887e-04
1.686000000000000000e+03 -3.309710000000000000e+05 -8.027000000000000000e+04 6.964616943150758743e-03 3.804538864642381668e-04 1.661520800553262234e-04 7.308074855245649815e-04
2.711000000000000000e+03 -3.309440000000000000e+05 -8.027400000000000000e+04 5.921707954257726669e-03 4.129922308493405581e-04 3.551677309587830678e-06 1.244356099050492048e-04
3.744000000000000000e+03 -3.309690000000000000e+05 -8.027600000000000000e+04 3.470481140539050102e-03 1.765279448591172695e-04 1.517243945272639394e-04 3.996825544163584709e-04
4.753000000000000000e+03 -3.309700000000000000e+05 -8.028100000000000000e+04 9.356494410894811153e-04 3.338666283525526524e-04 2.162157034035772085e-04 5.585360922850668430e-04
5.849000000000000000e+03 -3.309710000000000000e+05 -8.029000000000000000e+04 1.553041860461235046e-03 4.047611437272280455e-04 6.614930462092161179e-04 4.597675870172679424e-04
6.814000000000000000e+03 -3.309740000000000000e+05 -8.028300000000000000e+04 2.597271464765071869e-03 1.505491673015058041e-04 2.399601653451099992e-04 1.449006522307172418e-04
7.941000000000000000e+03 -3.309210000000000000e+05 -8.027600000000000000e+04 2.890893025323748589e-03 3.185979439876973629e-04 7.931301952339708805e-04 1.533253089291974902e-04
9.023000000000000000e+03 -3.309750000000000000e+05 -8.027600000000000000e+04 8.555579115636646748e-04 9.354410576634109020e-05 7.736235274933278561e-04 5.425043636932969093e-04
-1.197500000000000000e+04 -3.299920000000000000e+05 -8.027100000000000000e+04 3.207577019929885864e-02 3.036124107893556356e-04 1.251193025382235646e-04 2.345470566069707274e-04
-1.096700000000000000e+04 -3.299500000000000000e+05 -8.027600000000000000e+04 3.289802372455596924e-02 5.415871855802834034e-04 1.647101016715168953e-04 4.163820995017886162e-04
-9.943000000000000000e+03 -3.299190000000000000e+05 -8.028600000000000000e+04 3.443081304430961609e-02 1.960453810170292854e-04 1.160080573754385114e-04 4.441834171302616596e-04
-8.861000000000000000e+03 -3.299220000000000000e+05 -8.027700000000000000e+04 3.562967106699943542e-02 5.083959549665451050e-04 6.310837488854303956e-05 2.731519343797117472e-04
-7.784000000000000000e+03 -3.299240000000000000e+05 -8.027600000000000000e+04 3.538663312792778015e-02 3.019738069269806147e-04 2.448579762130975723e-04 2.606222114991396666e-04
-6.816000000000000000e+03 -3.299310000000000000e+05 -8.026700000000000000e+04 3.270951285958290100e-02 4.090224392712116241e-04 5.005681887269020081e-04 4.574139311444014311e-04
-5.706000000000000000e+03 -3.299320000000000000e+05 -8.027500000000000000e+04 2.767143212258815765e-02 2.430778549751266837e-04 1.412790734320878983e-04 3.969752287957817316e-04
-4.751000000000000000e+03 -3.299360000000000000e+05 -8.028400000000000000e+04 2.281025983393192291e-02 5.091378116048872471e-04 5.271981353871524334e-04 5.836224299855530262e-04
-3.663000000000000000e+03 -3.298790000000000000e+05 -8.028400000000000000e+04 1.715260744094848633e-02 7.599734235554933548e-04 1.507021806901320815e-04 1.092240927391685545e-04
-2.587000000000000000e+03 -3.299320000000000000e+05 -8.026700000000000000e+04 1.108576636761426926e-02 4.619360843207687140e-04 6.596518796868622303e-04 3.241414669901132584e-04
-1.495000000000000000e+03 -3.299360000000000000e+05 -8.027700000000000000e+04 5.756350234150886536e-03 4.802078183274716139e-04 4.473011940717697144e-04 1.381743786623701453e-04
-4.850000000000000000e+02 -3.299410000000000000e+05 -8.027600000000000000e+04 1.184136373922228813e-03 5.393384490162134171e-04 2.173510874854400754e-04 5.784794921055436134e-04
5.350000000000000000e+02 -3.298790000000000000e+05 -8.028300000000000000e+04 9.138254099525511265e-04 3.892851236741989851e-04 3.650242579169571400e-04 5.041138501837849617e-04
1.699000000000000000e+03 -3.299140000000000000e+05 -8.027700000000000000e+04 1.407666015438735485e-03 4.835904110223054886e-04 2.158549468731507659e-04 3.779316612053662539e-04
2.660000000000000000e+03 -3.299180000000000000e+05 -8.028200000000000000e+04 4.596506187226623297e-04 8.093838696368038654e-04 1.922041556099429727e-04 5.348997074179351330e-04
3.725000000000000000e+03 -3.299160000000000000e+05 -8.028000000000000000e+04 1.379232620820403099e-03 8.057720842771232128e-04 2.249430981464684010e-04 1.740768930176272988e-04
4.756000000000000000e+03 -3.299180000000000000e+05 -8.028200000000000000e+04 3.157817991450428963e-03 1.208113390021026134e-03 1.663256407482549548e-04 3.209523856639862061e-04
5.752000000000000000e+03 -3.299180000000000000e+05 -8.027400000000000000e+04 3.784825792536139488e-03 6.236293702386319637e-04 4.529902944341301918e-04 3.694333136081695557e-04
6.963000000000000000e+03 -3.298570000000000000e+05 -8.027900000000000000e+04 4.139760509133338928e-03 5.190236261114478111e-04 2.124777965946123004e-04 2.966172469314187765e-04
7.995000000000000000e+03 -3.299200000000000000e+05 -8.027700000000000000e+04 3.612705273553729057e-03 4.751425585709512234e-04 7.425202638842165470e-04 3.008932690136134624e-04
9.017000000000000000e+03 -3.298700000000000000e+05 -8.028100000000000000e+04 8.677844889461994171e-04 2.331813011551275849e-04 6.858088308945298195e-04 2.724618534557521343e-04
-1.190000000000000000e+04 -3.288690000000000000e+05 -8.027200000000000000e+04 2.340902015566825867e-02 2.969557535834610462e-04 4.553715116344392300e-04 5.017599323764443398e-04
-1.099500000000000000e+04 -3.288260000000000000e+05 -8.028600000000000000e+04 2.273116819560527802e-02 3.647246630862355232e-04 2.579007414169609547e-04 3.786034940276294947e-04
-9.880000000000000000e+03 -3.288310000000000000e+05 -8.027700000000000000e+04 2.352293580770492554e-02 1.610160106793045998e-04 1.690678036538884044e-04 1.397250307491049170e-04
-8.832000000000000000e+03 -3.288300000000000000e+05 -8.028000000000000000e+04 2.454719692468643188e-02 6.171728018671274185e-04 3.449329233262687922e-04 4.885311354883015156e-04
-7.813000000000000000e+03 -3.288360000000000000e+05 -8.028400000000000000e+04 2.444027736783027649e-02 2.388642169535160065e-04 2.799815265461802483e-04 2.213944826507940888e-04
-6.701000000000000000e+03 -3.288410000000000000e+05 -8.028400000000000000e+04 2.246627397835254669e-02 3.169607953168451786e-04 2.118104457622393966e-04 2.487620513420552015e-04
-5.659000000000000000e+03 -3.288410000000000000e+05 -8.027700000000000000e+04 2.026133984327316284e-02 3.967097727581858635e-04 8.135748066706582904e-05 4.119367513339966536e-04
-4.674000000000000000e+03 -3.287790000000000000e+05 -8.027700000000000000e+04 1.751678809523582458e-02 3.284573322162032127e-04 8.378056809306144714e-04 1.320429582847282290e-04
-3.546000000000000000e+03 -3.288450000000000000e+05 -8.028400000000000000e+04 1.382791902869939804e-02 2.379635261604562402e-04 3.793833602685481310e-04 2.766590041574090719e-04
-2.532000000000000000e+03 -3.288480000000000000e+05 -8.027900000000000000e+04 1.020808797329664230e-02 1.072334562195464969e-04 1.444497029297053814e-04 3.979418834205716848e-04
-1.465000000000000000e+03 -3.288370000000000000e+05 -8.028100000000000000e+04 6.569005083292722702e-03 1.688942429609596729e-04 4.721983568742871284e-04 1.940738438861444592e-04
-5.440000000000000000e+02 -3.288500000000000000e+05 -8.029700000000000000e+04 4.331405274569988251e-03 2.556419931352138519e-04 3.150062111672013998e-04 3.376727108843624592e-04
5.540000000000000000e+02 -3.288480000000000000e+05 -8.027900000000000000e+04 3.367314347997307777e-03 2.485782606527209282e-04 2.905149594880640507e-04 3.609059785958379507e-04
1.602000000000000000e+03 -3.288540000000000000e+05 -8.028200000000000000e+04 3.217170014977455139e-03 5.418973159976303577e-04 7.503154920414090157e-04 1.405200018780305982e-04
2.664000000000000000e+03 -3.288490000000000000e+05 -8.027500000000000000e+04 4.152494948357343674e-03 4.014254081994295120e-04 6.685063272016122937e-05 1.129090669564902782e-04
3.703000000000000000e+03 -3.288520000000000000e+05 -8.028600000000000000e+04 5.705811548978090286e-03 6.611676071770489216e-04 1.352538383798673749e-04 4.300143336877226830e-04
4.881000000000000000e+03 -3.288450000000000000e+05 -8.028200000000000000e+04 6.876612082123756409e-03 6.255122134461998940e-04 1.982565008802339435e-04 2.694748400244861841e-04
5.906000000000000000e+03 -3.288620000000000000e+05 -8.028100000000000000e+04 6.163076963275671005e-03 4.360391467344015837e-04 2.846823481377214193e-04 2.290643897140398622e-04
6.901000000000000000e+03 -3.288530000000000000e+05 -8.028400000000000000e+04 4.902809392660856247e-03 6.330548785626888275e-04 6.019821739755570889e-04 8.969641930889338255e-05
7.915000000000000000e+03 -3.288620000000000000e+05 -8.027900000000000000e+04 3.236291930079460144e-03 3.973871644120663404e-04 4.987696884199976921e-04 1.310980878770351410e-04
8.951000000000000000e+03 -3.288610000000000000e+05 -8.027600000000000000e+04 1.443868823116645217e-04 3.639227943494915962e-04 8.450545137748122215e-04 5.035274662077426910e-04
